# phi u uprime x y
0 1 -0.5 1 0
0.02 0.99 -0.4999 1.0099 0.0202007
0.0464626 0.976775 -0.49946 1.02267 0.0475502
0.077941 0.961064 -0.498482 1.03735 0.0810166
0.112966 0.943629 -0.496812 1.05298 0.11946
0.150335 0.925103 -0.494359 1.06877 0.161895
0.189164 0.905963 -0.491078 1.08411 0.207556
0.228847 0.886551 -0.48696 1.09856 0.255884
0.268976 0.8671 -0.482015 1.1118 0.306475
0.309291 0.847776 -0.476266 1.12359 0.359037
0.34962 0.828692 -0.469739 1.13372 0.413351
0.389858 0.80993 -0.462466 1.14203 0.469247
0.429936 0.791548 -0.454477 1.14837 0.526579
0.46981 0.773592 -0.445804 1.15262 0.585214
0.509454 0.756096 -0.436478 1.15463 0.645025
0.548851 0.739089 -0.42653 1.15429 0.705879
0.587991 0.722595 -0.415991 1.15148 0.767637
0.626868 0.706632 -0.404892 1.1461 0.83015
0.665478 0.691218 -0.393263 1.13802 0.893257
0.703821 0.676366 -0.381134 1.12716 0.956783
0.741898 0.662088 -0.368535 1.11343 1.02054
0.779708 0.648395 -0.355495 1.09674 1.08433
0.817255 0.635295 -0.342043 1.07702 1.14792
0.854542 0.622795 -0.328207 1.05422 1.2111
0.891572 0.6109 -0.314014 1.0283 1.27363
0.928349 0.599615 -0.299491 0.999235 1.33524
0.964879 0.588942 -0.284665 0.967016 1.39569
1.00117 0.578882 -0.269561 0.931657 1.4547
1.03722 0.569438 -0.254204 0.89319 1.51201
1.07304 0.560607 -0.238616 0.85167 1.56733
1.10865 0.552391 -0.222822 0.807172 1.6204
1.14404 0.544785 -0.206842 0.759794 1.67095
1.17922 0.537789 -0.190697 0.709656 1.71872
1.21421 0.5314 -0.174407 0.656899 1.76345
1.24902 0.525613 -0.15799 0.601684 1.80489
1.28365 0.520425 -0.141465 0.544195 1.84283
1.31813 0.515834 -0.124848 0.48463 1.87706
1.35245 0.511833 -0.108155 0.423208 1.90737
1.38664 0.508421 -0.0914011 0.360159 1.93362
1.42072 0.505592 -0.0745998 0.295729 1.95565
1.45468 0.503343 -0.0577646 0.230173 1.97334
1.48855 0.501672 -0.0409081 0.163755 1.9866
1.52235 0.500574 -0.0240423 0.0967428 1.99536
1.55609 0.500047 -0.00717866 0.0294107 1.9996
1.58978 0.500089 0.00967169 -0.0379679 1.99929
1.62345 0.500698 0.0264979 -0.10512 1.99445
1.65711 0.501872 0.0432893 -0.171778 1.98512
1.69078 0.503612 0.0600351 -0.237676 1.97138
1.72447 0.505916 0.0767246 -0.302561 1.95332
1.7582 0.508785 0.0933467 -0.366187 1.93105
1.79199 0.51222 0.10989 -0.428318 1.90472
1.82585 0.51622 0.126343 -0.488735 1.87449
1.85979 0.520788 0.142692 -0.54723 1.84054
1.89384 0.525924 0.158925 -0.603613 1.80306
1.928 0.53163 0.175028 -0.657712 1.76227
1.9623 0.537907 0.190987 -0.70937 1.7184
1.99673 0.544758 0.206786 -0.75845 1.67167
2.03132 0.552182 0.222408 -0.804837 1.62233
2.06607 0.560183 0.237838 -0.84843 1.57063
2.101 0.568759 0.253056 -0.889152 1.51682
2.13612 0.577911 0.268044 -0.926942 1.46115
2.17143 0.58764 0.282781 -0.96176 1.40388
2.20695 0.597943 0.297249 -0.993583 1.34526
2.24268 0.60882 0.311424 -1.0224 1.28552
2.27863 0.620268 0.325285 -1.04824 1.22491
2.3148 0.632283 0.338809 -1.0711 1.16366
2.35121 0.644862 0.351971 -1.09104 1.10198
2.38785 0.657998 0.364749 -1.10811 1.04008
2.42474 0.671685 0.377116 -1.12237 0.978161
2.46187 0.685915 0.389048 -1.13388 0.916404
2.49926 0.700679 0.400518 -1.14275 0.85498
2.5369 0.715967 0.4115 -1.14904 0.794047
2.57479 0.731765 0.421969 -1.15286 0.733751
2.61295 0.748062 0.431897 -1.15431 0.674223
2.65137 0.764841 0.441257 -1.15348 0.615581
2.69005 0.782086 0.450024 -1.15048 0.557932
2.729 0.799779 0.45817 -1.14542 0.501369
2.76822 0.817899 0.465669 -1.13841 0.445974
2.8077 0.836426 0.472495 -1.12954 0.391819
2.84744 0.855335 0.478624 -1.11892 0.338962
2.88746 0.874602 0.484029 -1.10665 0.287457
2.92773 0.8942 0.488687 -1.09284 0.237343
2.96828 0.9141 0.492575 -1.07758 0.188653
3.00909 0.934272 0.49567 -1.06097 0.141415
3.05015 0.954685 0.497952 -1.04309 0.095645
3.09148 0.975303 0.499399 -1.02404 0.0513563
3.13307 0.996093 0.499995 -1.00389 0.00855522
3.17491 1.01702 0.49972 -0.982721 -0.0327569
3.21701 1.03804 0.498561 -0.960618 -0.0725831
3.25935 1.05912 0.496504 -0.937645 -0.11093
3.30194 1.08021 0.493536 -0.913872 -0.147809
3.34478 1.10127 0.489647 -0.88936 -0.183231
3.38785 1.12227 0.484831 -0.86417 -0.217214
3.43115 1.14315 0.479082 -0.838358 -0.249775
3.47469 1.16387 0.472395 -0.811975 -0.280932
3.51845 1.18439 0.464772 -0.78507 -0.310707
3.56243 1.20465 0.456213 -0.757688 -0.339122
3.60662 1.22461 0.446723 -0.729871 -0.366197
3.65103 1.24423 0.436309 -0.701658 -0.391956
3.69563 1.26345 0.424981 -0.673085 -0.416422
3.74044 1.28222 0.412751 -0.644185 -0.439618
3.78543 1.30051 0.399635 -0.614988 -0.461566
3.83061 1.31826 0.38565 -0.585523 -0.482288
3.87597 1.33542 0.370818 -0.555816 -0.501807
3.9215 1.35196 0.355162 -0.525889 -0.520144
3.96719 1.36782 0.338709 -0.495766 -0.537318
4.01304 1.38296 0.321489 -0.465465 -0.55335
4.05904 1.39734 0.303534 -0.435004 -0.568258
4.10518 1.41093 0.284877 -0.404401 -0.582059
4.15145 1.42367 0.265557 -0.373669 -0.594771
4.19785 1.43553 0.245614 -0.342823 -0.606408
4.24437 1.44649 0.225089 -0.311874 -0.616986
4.29099 1.4565 0.204026 -0.280835 -0.626516
4.33772 1.46553 0.182473 -0.249716 -0.63501
4.38454 1.47356 0.160478 -0.218526 -0.64248
4.43144 1.48057 0.138091 -0.187273 -0.648933
4.47841 1.48653 0.115364 -0.155967 -0.654379
4.52545 1.49142 0.0923496 -0.124613 -0.658822
4.57255 1.49522 0.0691029 -0.09322 -0.662269
4.61969 1.49793 0.0456792 -0.0617937 -0.664723
4.66688 1.49953 0.0221349 -0.0303408 -0.666186
4.71409 1.50002 -0.00147325 0.0011325 -0.666658
4.76132 1.49939 -0.0250879 0.0326201 -0.66614
4.80856 1.49765 -0.0486517 0.0641158 -0.664629
4.8558 1.49479 -0.0721074 0.0956133 -0.662121
4.90304 1.49084 -0.0953979 0.127106 -0.658612
4.95025 1.48578 -0.118467 0.158587 -0.654095
4.99744 1.47965 -0.141258 0.190049 -0.648562
5.04459 1.47246 -0.163718 0.221485 -0.642005
5.0917 1.46422 -0.185792 0.252885 -0.634412
5.13875 1.45497 -0.207429 0.284241 -0.625771
5.18574 1.44472 -0.228578 0.315542 -0.616069
5.23265 1.43351 -0.24919 0.346778 -0.605291
5.27948 1.42136 -0.269218 0.377936 -0.593421
5.32622 1.40832 -0.288618 0.409003 -0.580441
5.37286 1.39441 -0.307348 0.439965 -0.566333
5.41939 1.37968 -0.325368 0.470804 -0.551076
5.46581 1.36417 -0.34264 0.501502 -0.53465
5.51209 1.34792 -0.359129 0.532042 -0.517031
5.55825 1.33098 -0.374804 0.562399 -0.498197
5.60426 1.31338 -0.389636 0.592551 -0.478123
5.65012 1.29518 -0.403598 0.622472 -0.456785
5.69582 1.27643 -0.416667 0.652133 -0.434157
5.74135 1.25717 -0.428822 0.681502 -0.410212
5.78671 1.23746 -0.440046 0.710546 -0.384923
5.83189 1.21733 -0.450326 0.739228 -0.358265
5.87689 1.19685 -0.459648 0.767506 -0.33021
5.92168 1.17606 -0.468005 0.795339 -0.300731
5.96628 1.15502 -0.475392 0.822677 -0.269803
6.01067 1.13376 -0.481804 0.849471 -0.2374
6.05484 1.11235 -0.487243 0.875665 -0.203499
6.0988 1.09082 -0.49171 0.901201 -0.168078
6.14253 1.06923 -0.495212 0.926014 -0.131116
6.18603 1.04763 -0.497755 0.950038 -0.0925956
6.22929 1.02605 -0.499349 0.973199 -0.052502
6.27231 1.00454 -0.500008 0.995422 -0.0108243
6.31509 0.983147 -0.499745 1.01662 0.0324445
6.35762 0.96191 -0.498576 1.03672 0.0773064
6.39989 0.940867 -0.49652 1.05562 0.123758
6.44191 0.920057 -0.493597 1.07323 0.171789
6.48366 0.899515 -0.489829 1.08944 0.221383
6.52516 0.879277 -0.485238 1.10417 0.272516
6.56638 0.859375 -0.479848 1.11728 0.325153
6.60734 0.839839 -0.473686 1.12869 0.379252
6.64803 0.820697 -0.466777 1.13827 0.43476
6.68845 0.801978 -0.459149 1.14591 0.491611
6.72859 0.783706 -0.45083 1.1515 0.549729
6.76846 0.765903 -0.441848 1.15491 0.609025
6.80806 0.748591 -0.432232 1.15602 0.669395
6.84738 0.73179 -0.422012 1.15473 0.730722
6.88643 0.715516 -0.411218 1.15092 0.792874
6.9252 0.699786 -0.399878 1.14448 0.855704
6.9637 0.684613 -0.388024 1.13531 0.91905
7.00193 0.670009 -0.375683 1.12332 0.982734
7.03989 0.655985 -0.362885 1.10841 1.04656
7.07759 0.642551 -0.34966 1.09052 1.11033
7.11502 0.629713 -0.336034 1.06957 1.17382
7.15219 0.617477 -0.322038 1.04552 1.23679
7.18911 0.605849 -0.307696 1.01834 1.299
7.22578 0.594832 -0.293037 0.988 1.36019
7.2622 0.584427 -0.278086 0.954511 1.4201
7.29838 0.574638 -0.262868 0.91789 1.47847
7.33433 0.565463 -0.247406 0.87818 1.53501
7.37005 0.556901 -0.231725 0.835443 1.58946
7.40556 0.548953 -0.215846 0.789764 1.64155
7.44086 0.541615 -0.199791 0.741251 1.691
7.47595 0.534886 -0.18358 0.690031 1.73756
7.51086 0.528761 -0.167232 0.636254 1.78098
7.54559 0.523237 -0.150766 0.580092 1.82102
7.58015 0.518311 -0.134198 0.521734 1.85746
7.61456 0.513979 -0.117546 0.461387 1.89011
7.64882 0.510237 -0.100824 0.399274 1.91877
7.68296 0.507081 -0.0840473 0.335634 1.9433
7.71698 0.504507 -0.0672294 0.270715 1.96356
7.7509 0.502511 -0.0503833 0.204776 1.97944
7.78473 0.501091 -0.0335211 0.138085 1.99086
7.8185 0.500244 -0.0166548 0.0709109 1.99777
7.85222 0.499966 0.0002045 0.00352849 2.00013
7.8859 0.500257 0.0170457 -0.0637889 1.99796
7.91956 0.501114 0.0338581 -0.13077 1.99127
7.95322 0.502536 0.050631 -0.197148 1.98012
7.98689 0.504523 0.0673536 -0.262662 1.96459
8.0206 0.507074 0.0840151 -0.327062 1.94479
8.05435 0.510191 0.100604 -0.390105 1.92084
8.08816 0.513873 0.117109 -0.451563 1.89289
8.12206 0.518121 0.133518 -0.511221 1.86112
8.15604 0.522937 0.149819 -0.568879 1.8257
8.19014 0.528322 0.165997 -0.624353 1.78684
8.22435 0.534278 0.182039 -0.677478 1.74477
8.2587 0.540806 0.19793 -0.728105 1.69971
8.2932 0.547908 0.213654 -0.776107 1.65189
8.32786 0.555585 0.229194 -0.821373 1.60156
8.36269 0.563837 0.244533 -0.863814 1.54898
8.3977 0.572665 0.259653 -0.903358 1.4944
8.4329 0.582069 0.274535 -0.939954 1.43807
8.4683 0.592049 0.289157 -0.973568 1.38024
8.50391 0.602604 0.303499 -1.00418 1.32115
8.53973 0.613731 0.31754 -1.0318 1.26105
8.57577 0.625427 0.331257 -1.05644 1.20018
8.61205 0.63769 0.344626 -1.07814 1.13875
8.64855 0.650513 0.357624 -1.09692 1.07698
8.6853 0.663891 0.370225 -1.11287 1.01508
8.72229 0.677816 0.382405 -1.12603 0.953231
8.75954 0.692281 0.394139 -1.13649 0.891617
8.79703 0.707275 0.4054 -1.14432 0.830403
8.83478 0.722788 0.416161 -1.14963 0.76974
8.87279 0.738806 0.426397 -1.15251 0.709769
8.91106 0.755315 0.436081 -1.15306 0.650615
8.94959 0.7723 0.445185 -1.15138 0.592391
8.98839 0.789744 0.453684 -1.14757 0.535199
9.02745 0.807626 0.461551 -1.14174 0.479126
9.06678 0.825927 0.46876 -1.134 0.424251
9.10637 0.844624 0.475285 -1.12445 0.370639
9.14624 0.863693 0.481101 -1.11319 0.318346
9.18636 0.883108 0.486183 -1.10033 0.267421
9.22676 0.902842 0.490508 -1.08597 0.2179
9.26741 0.922865 0.494053 -1.07019 0.169813
9.30833 0.943147 0.496796 -1.0531 0.123184
9.34952 0.963654 0.498716 -1.03478 0.0780266
9.39096 0.984352 0.499794 -1.01532 0.0343523
9.43265 1.00521 0.500012 -0.994791 -0.00783531
9.47461 1.02618 0.499354 -0.973281 -0.0485365
9.51681 1.04723 0.497804 -0.950861 -0.087756
9.55926 1.06832 0.495351 -0.9276 -0.125502
9.60195 1.0894 0.491982 -0.903563 -0.161786
9.64489 1.11045 0.48769 -0.878812 -0.196623
9.68806 1.1314 0.482468 -0.853405 -0.230028
9.73147 1.15221 0.47631 -0.827396 -0.262021
9.7751 1.17285 0.469215 -0.800836 -0.29262
9.81895 1.19326 0.461183 -0.773771 -0.321847
9.86303 1.2134 0.452218 -0.746246 -0.349723
9.90731 1.23322 0.442324 -0.718301 -0.376272
9.9518 1.25267 0.43151 -0.689973 -0.401515
9.9965 1.2717 0.419787 -0.661298 -0.425475
10.0414 1.29027 0.407168 -0.632307 -0.448176
10.0865 1.30833 0.39367 -0.60303 -0.46964
10.1317 1.32583 0.379313 -0.573495 -0.489888
10.1771 1.34272 0.364119 -0.543725 -0.508942
10.2227 1.35897 0.348112 -0.513744 -0.526823
10.2685 1.37453 0.331321 -0.483572 -0.543552
10.3144 1.38934 0.313776 -0.453229 -0.559146
10.3605 1.40338 0.29551 -0.422732 -0.573625
10.4067 1.4166 0.27656 -0.392096 -0.587005
10.453 1.42897 0.256963 -0.361337 -0.599302
10.4995 1.44044 0.23676 -0.330466 -0.610532
10.546 1.45099 0.215995 -0.299497 -0.620707
10.5927 1.46058 0.194713 -0.26844 -0.629841
10.6395 1.46918 0.172961 -0.237305 -0.637944
10.6863 1.47677 0.150788 -0.206101 -0.645027
10.7332 1.48332 0.128246 -0.174837 -0.651097
10.7802 1.48882 0.105386 -0.143519 -0.656163
10.8273 1.49323 0.0822636 -0.112157 -0.660229
10.8744 1.49656 0.0589324 -0.0807554 -0.6633
10.9216 1.49879 0.0354486 -0.0493221 -0.66538
10.9688 1.49991 0.0118689 -0.017863 -0.666469
11.016 1.49991 -0.0117498 0.0136156 -0.666568
11.0632 1.4988 -0.03535 0.0451076 -0.665675
11.1105 1.49657 -0.0588745 0.0766067 -0.663788
11.1577 1.49324 -0.0822659 0.108107 -0.660903
11.2049 1.4888 -0.105468 0.139601 -0.657014
11.2521 1.48328 -0.128423 0.171082 -0.652114
11.2993 1.47668 -0.151078 0.202543 -0.646195
11.3464 1.46903 -0.173377 0.233975 -0.639246
11.3935 1.46035 -0.195268 0.265371 -0.631257
11.4406 1.45066 -0.216699 0.296719 -0.622214
11.4875 1.43999 -0.237621 0.32801 -0.612104
11.5344 1.42836 -0.257985 0.359233 -0.600911
11.5812 1.41582 -0.277747 0.390374 -0.588619
11.6279 1.4024 -0.296861 0.42142 -0.575208
11.6745 1.38813 -0.315288 0.452356 -0.56066
11.7209 1.37306 -0.332987 0.483164 -0.544955
11.7673 1.35722 -0.349924 0.513825 -0.52807
11.8135 1.34066 -0.366063 0.54432 -0.509982
11.8596 1.32343 -0.381376 0.574626 -0.490669
11.9056 1.30557 -0.395833 0.604717 -0.470105
11.9514 1.28712 -0.40941 0.634567 -0.448266
11.997 1.26814 -0.422084 0.664147 -0.425124
12.0424 1.24868 -0.433838 0.693423 -0.400653
12.0877 1.22878 -0.444653 0.722361 -0.374827
12.1328 1.20849 -0.454519 0.750921 -0.347618
12.1777 1.18787 -0.463423 0.779063 -0.319001
12.2224 1.16696 -0.471359 0.806742 -0.288948
12.2669 1.14582 -0.478323 0.833907 -0.257433
12.3112 1.12449 -0.484313 0.860508 -0.224433
12.3553 1.10302 -0.48933 0.886486 -0.189924
12.3992 1.08146 -0.493377 0.911782 -0.153883
12.4428 1.05986 -0.496462 0.936329 -0.116293
12.4862 1.03826 -0.498592 0.960059 -0.0771362
12.5294 1.0167 -0.499778 0.982898 -0.0363993
12.5723 0.99524 -0.500035 1.00477 0.00592705
12.6149 0.973909 -0.499377 1.02558 0.0498479
12.6574 0.952751 -0.497821 1.04525 0.0953632
12.6995 0.931804 -0.495386 1.06369 0.142467
12.7414 0.911106 -0.492094 1.08079 0.191146
12.7831 0.890691 -0.487965 1.09647 0.241382
12.8244 0.870594 -0.483025 1.1106 0.293145
12.8655 0.850847 -0.477297 1.12309 0.346399
12.9064 0.831478 -0.470807 1.13382 0.401095
12.947 0.812516 -0.463583 1.14268 0.457178
12.9873 0.793987 -0.455651 1.14955 0.514575
13.0273 0.775915 -0.447041 1.15431 0.573207
13.067 0.758323 -0.437781 1.15685 0.632977
13.1065 0.74123 -0.427899 1.15705 0.693777
13.1457 0.724655 -0.417427 1.1548 0.755483
13.1846 0.708614 -0.406392 1.14998 0.817958
13.2233 0.693123 -0.394825 1.14248 0.881046
13.2617 0.678195 -0.382756 1.13222 0.944581
13.2998 0.663842 -0.370214 1.11909 1.00838
13.3376 0.650072 -0.357227 1.10302 1.07224
13.3752 0.636895 -0.343825 1.08393 1.13595
13.4125 0.624317 -0.330035 1.06176 1.19928
13.4496 0.612344 -0.315885 1.03647 1.262
13.4864 0.600979 -0.301403 1.00804 1.32385
13.5229 0.590227 -0.286614 0.976446 1.38459
13.5593 0.580089 -0.271544 0.941707 1.44393
13.5953 0.570565 -0.256217 0.903849 1.50161
13.6312 0.561656 -0.240657 0.862922 1.55736
13.6668 0.55336 -0.224888 0.818999 1.6109
13.7022 0.545676 -0.20893 0.772173 1.66197
13.7374 0.538602 -0.192805 0.72256 1.71029
13.7724 0.532134 -0.176532 0.670297 1.75562
13.8073 0.52627 -0.16013 0.615544 1.7977
13.8419 0.521005 -0.143618 0.558478 1.83632
13.8764 0.516337 -0.127012 0.499296 1.87125
13.9108 0.51226 -0.110328 0.438214 1.90231
13.945 0.508772 -0.0935802 0.37546 1.92932
13.979 0.505868 -0.0767839 0.311276 1.95214
14.013 0.503544 -0.0599521 0.245918 1.97064
14.0469 0.501798 -0.0430975 0.179646 1.98472
14.0807 0.500626 -0.026232 0.112729 1.99432
14.1144 0.500025 -0.00936721 0.0454404 1.99938
14.1481 0.499993 0.0074857 -0.021947 1.99991
14.1818 0.500528 0.0243159 -0.08916 1.9959
14.2155 0.50163 0.0411126 -0.155929 1.98739
14.2491 0.503296 0.0578652 -0.221989 1.97446
14.2828 0.505527 0.0745629 -0.287084 1.95719
14.3165 0.508322 0.0911946 -0.350966 1.9357
14.3503 0.511683 0.107749 -0.413399 1.91011
14.3842 0.515609 0.124214 -0.474159 1.8806
14.4181 0.520103 0.140578 -0.533037 1.84733
14.4521 0.525164 0.156828 -0.58984 1.81051
14.4863 0.530796 0.172949 -0.644392 1.77033
14.5205 0.536999 0.188928 -0.696534 1.72703
14.5549 0.543774 0.204749 -0.746127 1.68084
14.5895 0.551124 0.220396 -0.793048 1.63199
14.6242 0.559049 0.235852 -0.837197 1.58074
14.6591 0.567549 0.251099 -0.878492 1.52734
14.6942 0.576626 0.266118 -0.916868 1.47204
14.7295 0.586279 0.280891 -0.952283 1.41509
14.765 0.596507 0.295395 -0.98471 1.35674
14.8007 0.607309 0.30961 -1.01414 1.29724
14.8366 0.618682 0.323514 -1.04058 1.23683
14.8727 0.630624 0.337084 -1.06405 1.17573
14.9091 0.643128 0.350296 -1.0846 1.11416
14.9457 0.656192 0.363127 -1.10226 1.05234
14.9826 0.669807 0.37555 -1.11711 0.990468
15.0197 0.683966 0.387541 -1.1292 0.928721
15.057 0.698661 0.399074 -1.13863 0.867276
15.0946 0.71388 0.410123 -1.14548 0.806294
15.1325 0.729612 0.420662 -1.14984 0.74592
15.1706 0.745844 0.430663 -1.1518 0.68629
15.209 0.762561 0.440101 -1.15148 0.627523
15.2476 0.779746 0.448948 -1.14897 0.569727
15.2865 0.797381 0.457178 -1.14438 0.512999
15.3257 0.815447 0.464765 -1.13782 0.457421
15.3652 0.833921 0.471683 -1.12938 0.403067
15.4049 0.852782 0.477905 -1.11918 0.35
15.4448 0.872004 0.483409 -1.10732 0.29827
15.4851 0.89156 0.488168 -1.09389 0.247921
15.5256 0.911423 0.49216 -1.07899 0.198988
15.5664 0.931561 0.495362 -1.06272 0.151498
15.6074 0.951944 0.497753 -1.04517 0.10547
15.6487 0.972538 0.499313 -1.02643 0.0609177
15.6902 0.993308 0.500023 -1.00658 0.0178481
15.732 1.01422 0.499866 -0.985696 -0.0237362
15.7741 1.03523 0.498826 -0.963858 -0.0638374
15.8164 1.0563 0.496889 -0.941138 -0.102462
15.859 1.0774 0.494043 -0.917603 -0.139619
15.9018 1.09847 0.490278 -0.893316 -0.175321
15.9448 1.11948 0.485586 -0.868339 -0.209584
15.9881 1.14038 0.479962 -0.842726 -0.242424
16.0316 1.16112 0.473401 -0.816532 -0.273861
16.0753 1.18167 0.465903 -0.789804 -0.303915
16.1192 1.20197 0.457469 -0.762589 -0.332606
16.1634 1.22198 0.448103 -0.734929 -0.359958
16.2078 1.24164 0.437812 -0.706863 -0.385992
16.2524 1.26092 0.426605 -0.678427 -0.410732
16.2971 1.27976 0.414495 -0.649656 -0.434199
16.3421 1.29811 0.401496 -0.62058 -0.456417
16.3873 1.31594 0.387626 -0.591228 -0.477408
16.4326 1.33319 0.372906 -0.561626 -0.497193
16.4781 1.34981 0.357359 -0.531798 -0.515794
16.5238 1.36576 0.341011 -0.501765 -0.533231
16.5696 1.38101 0.323892 -0.471548 -0.549524
16.6156 1.3955 0.306032 -0.441166 -0.564691
16.6617 1.40919 0.287467 -0.410634 -0.57875
16.7079 1.42205 0.268234 -0.379968 -0.591718
16.7543 1.43403 0.248371 -0.349183 -0.60361
16.8008 1.44511 0.227921 -0.31829 -0.614441
16.8474 1.45525 0.206927 -0.287301 -0.624223
16.8941 1.46442 0.185437 -0.256226 -0.632969
16.9409 1.47259 0.163497 -0.225076 -0.64069
16.9878 1.47974 0.141159 -0.193859 -0.647393
17.0348 1.48584 0.118474 -0.162582 -0.653088
17.0818 1.49087 0.0954938 -0.131255 -0.65778
17.1289 1.49483 0.0722741 -0.0998831 -0.661476
17.176 1.49768 0.0488699 -0.0684737 -0.664178
17.2232 1.49943 0.0253373 -0.0370333 -0.665889
17.2704 1.50007 0.00173319 -0.00556791 -0.666611
17.3176 1.4996 -0.0218852 0.0259162 -0.666341
17.3649 1.49801 -0.0454606 0.0574128 -0.66508
17.4121 1.4953 -0.0689356 0.0889157 -0.662823
17.4593 1.4915 -0.0922531 0.120418 -0.659566
17.5066 1.48659 -0.115357 0.151914 -0.655302
17.5537 1.48061 -0.138191 0.183396 -0.650023
17.6009 1.47356 -0.1607 0.214855 -0.643721
17.648 1.46546 -0.182831 0.246285 -0.636385
17.6951 1.45634 -0.204531 0.277675 -0.628003
17.7421 1.44623 -0.225751 0.309016 -0.618562
17.789 1.43514 -0.24644 0.340297 -0.608047
17.8358 1.42312 -0.266551 0.371506 -0.596443
17.8826 1.4102 -0.286041 0.402631 -0.58373
17.9292 1.39641 -0.304866 0.433655 -0.569892
17.9758 1.38179 -0.322986 0.464564 -0.554907
18.0222 1.36638 -0.340363 0.49534 -0.538756
18.0685 1.35023 -0.356962 0.525963 -0.521415
18.1147 1.33337 -0.372751 0.556412 -0.502862
18.1607 1.31587 -0.387701 0.586664 -0.483072
18.2066 1.29775 -0.401784 0.616693 -0.46202
18.2523 1.27906 -0.414977 0.646471 -0.439681
18.2978 1.25987 -0.427259 0.675967 -0.416028
18.3432 1.24021 -0.438613 0.705147 -0.391035
18.3884 1.22014 -0.449023 0.733976 -0.364673
18.4334 1.19971 -0.458478 0.762412 -0.336918
18.4783 1.17895 -0.466969 0.790414 -0.307741
18.5229 1.15794 -0.474489 0.817934 -0.277116
18.5673 1.13671 -0.481036 0.844923 -0.245019
18.6115 1.11531 -0.486609 0.871325 -0.211425
18.6555 1.0938 -0.49121 0.897082 -0.176311
18.6992 1.07222 -0.494844 0.922133 -0.139656
18.7428 1.05061 -0.497519 0.946409 -0.101442
18.7861 1.02902 -0.499243 0.969839 -0.0616545
18.8291 1.0075 -0.50003 0.992347 -0.0202805
18.8719 0.986089 -0.499893 1.01385 0.0226876
18.9145 0.964827 -0.498848 1.03427 0.0672528
18.9568 0.943754 -0.496914 1.05351 0.113413
18.9988 0.922909 -0.49411 1.07148 0.161159
19.0406 0.902327 -0.490456 1.08808 0.210476
19.0822 0.882044 -0.485977 1.1032 0.26134
19.1234 0.862092 -0.480697 1.11674 0.313721
19.1644 0.842503 -0.47464 1.12859 0.367576
19.2051 0.823305 -0.467832 1.13863 0.422854
19.2456 0.804524 -0.460302 1.14676 0.479493
19.2858 0.786188 -0.452076 1.15285 0.537418
19.3257 0.768318 -0.443184 1.15679 0.596542
19.3653 0.750936 -0.433654 1.15845 0.656764
19.4047 0.734062 -0.423516 1.15773 0.717969
19.4437 0.717714 -0.4128 1.1545 0.780027
19.4826 0.701906 -0.401534 1.14867 0.842795
19.5211 0.686654 -0.389748 1.14012 0.906112
19.5594 0.67197 -0.377473 1.12876 0.969804
19.5973 0.657865 -0.364737 1.1145 1.03368
19.6351 0.644347 -0.351569 1.09727 1.09754
19.6725 0.631425 -0.337997 1.07698 1.16115
19.7097 0.619104 -0.32405 1.05361 1.2243
19.7467 0.607391 -0.309755 1.02709 1.28673
19.7834 0.596288 -0.295138 0.997423 1.34819
19.8198 0.585797 -0.280226 0.964597 1.40842
19.8561 0.575921 -0.265043 0.928629 1.46716
19.892 0.56666 -0.249614 0.889558 1.52412
19.9278 0.558013 -0.233962 0.847443 1.57904
19.9633 0.549978 -0.218109 0.802365 1.63164
19.9986 0.542555 -0.202077 0.754425 1.68166
20.0338 0.53574 -0.185886 0.70375 1.72883
20.0687 0.52953 -0.169556 0.650484 1.7729
20.1034 0.523922 -0.153105 0.594795 1.81364
20.138 0.518912 -0.13655 0.536869 1.85081
20.1725 0.514497 -0.119909 0.47691 1.88423
20.2067 0.510672 -0.103195 0.415139 1.91369
20.2409 0.507433 -0.0864254 0.351791 1.93905
20.2749 0.504777 -0.0696123 0.287113 1.96016
20.3088 0.5027 -0.0527691 0.221362 1.9769
20.3427 0.501199 -0.0359083 0.154804 1.9892
20.3765 0.500271 -0.0190416 0.087709 1.99699
20.4102 0.499913 -0.00218043 0.02035 2.00025
20.4439 0.500123 0.0146642 -0.0469992 1.99896
20.4775 0.5009 0.0314816 -0.114067 1.99315
20.5112 0.502242 0.0482609 -0.180585 1.98287
20.5448 0.504149 0.0649915 -0.246292 1.96819
20.5785 0.50662 0.0816626 -0.310934 1.94922
20.6123 0.509656 0.0982629 -0.374269 1.92608
20.6461 0.513258 0.114781 -0.436065 1.89891
20.68 0.517426 0.131205 -0.496105 1.86789
20.7139 0.522161 0.147522 -0.554185 1.83318
20.748 0.527465 0.163718 -0.610119 1.795
20.7822 0.53334 0.179781 -0.663738 1.75356
20.8165 0.539786 0.195695 -0.714891 1.70909
20.851 0.546806 0.211444 -0.763445 1.66183
20.8856 0.554401 0.227012 -0.809288 1.61201
20.9204 0.56257 0.242381 -0.852324 1.55989
20.9554 0.571316 0.257534 -0.892481 1.50572
20.9906 0.580639 0.272451 -0.929702 1.44975
21.0259 0.590537 0.287112 -0.963951 1.39223
21.0615 0.601009 0.301496 -0.995208 1.33342
21.0973 0.612055 0.315582 -1.02347 1.27356
21.1333 0.62367 0.329347 -1.04875 1.21287
21.1696 0.635852 0.342768 -1.07109 1.15158
21.206 0.648595 0.355821 -1.09051 1.08992
21.2427 0.661894 0.368481 -1.10708 1.02808
21.2797 0.675742 0.380724 -1.12085 0.96626
21.3169 0.69013 0.392524 -1.13192 0.90464
21.3543 0.705049 0.403855 -1.14035 0.843388
21.3921 0.720488 0.41469 -1.14623 0.782657
21.43 0.736435 0.425004 -1.14967 0.72259
21.4683 0.752875 0.434769 -1.15076 0.663314
21.5067 0.769793 0.443959 -1.1496 0.604945
21.5455 0.787172 0.452548 -1.14629 0.547586
21.5845 0.804993 0.460508 -1.14095 0.491328
21.6238 0.823236 0.467814 -1.13368 0.436249
21.6634 0.841878 0.47444 -1.12458 0.382419
21.7032 0.860895 0.48036 -1.11375 0.329894
21.7433 0.880263 0.48555 -1.1013 0.278725
21.7836 0.899953 0.489986 -1.08733 0.228949
21.8242 0.919937 0.493646 -1.07192 0.180599
21.8651 0.940184 0.496506 -1.05519 0.133698
21.9063 0.960661 0.498547 -1.0372 0.0882641
21.9477 0.981335 0.499748 -1.01806 0.0443069
21.9893 1.00217 0.500092 -0.997834 0.00183234
22.0312 1.02313 0.499562 -0.976611 -0.0391592
22.0734 1.04417 0.498143 -0.954462 -0.0786715
22.1158 1.06526 0.495822 -0.931457 -0.116712
22.1585 1.08635 0.492587 -0.907662 -0.153292
22.2014 1.1074 0.488429 -0.883139 -0.188425
22.2445 1.12837 0.483342 -0.857947 -0.222126
22.2879 1.14921 0.477321 -0.832141 -0.254414
22.3315 1.16988 0.470362 -0.805771 -0.285308
22.3753 1.19033 0.462466 -0.778885 -0.314829
22.4193 1.21051 0.453636 -0.751528 -0.342998
22.4636 1.23037 0.443877 -0.72374 -0.369838
22.508 1.24988 0.433196 -0.69556 -0.39537
22.5527 1.26898 0.421604 -0.667024 -0.419618
22.5975 1.28762 0.409115 -0.638162 -0.442604
22.6426 1.30576 0.395744 -0.609006 -0.464351
22.6878 1.32334 0.381511 -0.579584 -0.48488
22.7332 1.34033 0.366437 -0.549919 -0.504214
22.7788 1.35668 0.350546 -0.520035 -0.522372
22.8245 1.37234 0.333867 -0.489955 -0.539375
22.8704 1.38726 0.31643 -0.459695 -0.555243
22.9164 1.40142 0.298266 -0.429276 -0.569993
22.9626 1.41477 0.279413 -0.398712 -0.583643
23.0089 1.42726 0.259907 -0.368018 -0.596208
23.0554 1.43887 0.23979 -0.337207 -0.607704
23.1019 1.44955 0.219103 -0.306293 -0.618145
23.1486 1.45928 0.197893 -0.275285 -0.627543
23.1953 1.46803 0.176206 -0.244194 -0.635909
23.2421 1.47577 0.154091 -0.213029 -0.643254
23.2891 1.48248 0.131598 -0.181799 -0.649585
23.336 1.48813 0.108781 -0.150511 -0.654911
23.3831 1.49271 0.0856922 -0.119173 -0.659238
23.4302 1.4962 0.062387 -0.0877923 -0.662569
23.4774 1.49859 0.0389209 -0.0563748 -0.664909
23.5245 1.49987 0.0153504 -0.024927 -0.666258
23.5718 1.50004 -0.00826741 0.00654485 -0.666618
23.619 1.49909 -0.0318752 0.0380346 -0.665986
23.6662 1.49703 -0.0554157 0.0695361 -0.664361
23.7135 1.49385 -0.0788317 0.101043 -0.661739
23.7607 1.48958 -0.102066 0.132549 -0.658114
23.8079 1.48422 -0.125063 0.164046 -0.653479
23.8551 1.47778 -0.147767 0.195528 -0.647827
23.9022 1.47028 -0.170123 0.226987 -0.641146
23.9493 1.46175 -0.192079 0.258414 -0.633427
23.9963 1.45221 -0.213582 0.289799 -0.624657
24.0433 1.44168 -0.234584 0.321132 -0.614821
24.0902 1.43019 -0.255035 0.352403 -0.603905
24.137 1.41779 -0.274889 0.383599 -0.591891
24.1837 1.40449 -0.294103 0.414705 -0.578762
24.2303 1.39035 -0.312635 0.445707 -0.564499
24.2768 1.37539 -0.330446 0.476589 -0.549081
24.3232 1.35966 -0.347499 0.507332 -0.532486
24.3694 1.34321 -0.36376 0.537916 -0.514693
24.4155 1.32607 -0.379198 0.568318 -0.495676
24.4615 1.30829 -0.393785 0.598515 -0.475412
24.5073 1.28993 -0.407494 0.628479 -0.453875
24.5529 1.27103 -0.420305 0.658183 -0.431039
24.5984 1.25163 -0.432197 0.687593 -0.406877
24.6437 1.23179 -0.443154 0.716675 -0.381363
24.6888 1.21156 -0.453162 0.745391 -0.35447
24.7338 1.19098 -0.462211 0.7737 -0.32617
24.7785 1.17011 -0.470292 0.801558 -0.296437
24.823 1.149 -0.477402 0.828916 -0.265244
24.8674 1.1277 -0.483537 0.855723 -0.232568
24.9115 1.10624 -0.488699 0.881923 -0.198383
24.9554 1.08469 -0.492891 0.907454 -0.162669
24.999 1.06309 -0.496119 0.932254 -0.125405
25.0425 1.04149 -0.498391 0.956253 -0.086573
25.0856 1.01992 -0.499718 0.979377 -0.04616
25.1286 0.998444 -0.500113 1.00155 -0.00415535
25.1713 0.97709 -0.499591 1.02269 0.0394471
25.2137 0.955902 -0.498168 1.0427 0.0846484
25.2559 0.934921 -0.495864 1.0615 0.131444
25.2979 0.914182 -0.492698 1.07899 0.179822
25.3396 0.893722 -0.488694 1.09507 0.229766
25.381 0.873574 -0.483873 1.10963 0.281247
25.4221 0.853771 -0.478262 1.12257 0.334231
25.463 0.834343 -0.471884 1.13378 0.388672
25.5036 0.815318 -0.464768 1.14313 0.444515
25.5439 0.796721 -0.456941 1.15052 0.501693
25.584 0.778578 -0.448431 1.15582 0.560125
25.6238 0.760912 -0.439266 1.15892 0.619719
25.6633 0.743741 -0.429476 1.15971 0.680369
25.7025 0.727087 -0.41909 1.15806 0.741954
25.7415 0.710964 -0.408138 1.15386 0.804338
25.7802 0.695389 -0.396649 1.14701 0.867371
25.8186 0.680375 -0.384653 1.13741 0.930887
25.8568 0.665933 -0.37218 1.12496 0.994704
25.8946 0.652074 -0.359258 1.10957 1.05863
25.9323 0.638806 -0.345916 1.09117 1.12244
25.9696 0.626137 -0.332183 1.06971 1.18593
26.0067 0.614072 -0.318086 1.04513 1.24885
26.0436 0.602615 -0.303651 1.0174 1.31096
26.0801 0.591769 -0.288907 0.986516 1.372
26.1165 0.581538 -0.273877 0.952473 1.43169
26.1526 0.57192 -0.258587 0.9153 1.48979
26.1885 0.562918 -0.243061 0.875042 1.546
26.2241 0.554529 -0.227322 0.831767 1.60005
26.2596 0.546752 -0.211391 0.785565 1.65169
26.2948 0.539585 -0.195289 0.736547 1.70063
26.3299 0.533025 -0.179037 0.684846 1.74662
26.3647 0.527069 -0.162654 0.630618 1.78942
26.3994 0.521713 -0.146157 0.574035 1.82879
26.4339 0.516954 -0.129564 0.515293 1.86451
26.4683 0.512787 -0.11289 0.454602 1.8964
26.5025 0.509209 -0.0961511 0.392188 1.92427
26.5366 0.506216 -0.0793611 0.328293 1.94797
26.5706 0.503804 -0.0625337 0.263167 1.96737
26.6045 0.50197 -0.0456815 0.197071 1.98238
26.6383 0.50071 -0.0288167 0.130272 1.99291
26.672 0.500022 -0.0119508 0.0630431 1.99892
26.7057 0.499903 0.00490484 -0.00434302 2.00038
26.7394 0.500352 0.0217394 -0.0716129 1.99731
26.773 0.501366 0.0385422 -0.138496 1.98974
26.8067 0.502946 0.0553025 -0.204727 1.97772
26.8404 0.50509 0.0720095 -0.270047 1.96134
26.8741 0.507799 0.0886523 -0.334207 1.94072
26.9078 0.511072 0.10522 -0.396968 1.91598
26.9417 0.514912 0.1217 -0.458104 1.88728
26.9756 0.519318 0.13808 -0.517403 1.85479
27.0096 0.524292 0.154349 -0.574669 1.8187
27.0437 0.529835 0.170491 -0.629722 1.77923
27.078 0.53595 0.186493 -0.6824 1.73658
27.1123 0.542637 0.202339 -0.732559 1.69099
27.1469 0.549898 0.218015 -0.780074 1.64271
27.1816 0.557734 0.233502 -0.82484 1.59197
27.2165 0.566146 0.248783 -0.866771 1.53903
27.2515 0.575134 0.263839 -0.9058 1.48415
27.2868 0.584698 0.278651 -0.941879 1.42756
27.3222 0.594837 0.293199 -0.974977 1.36953
27.3579 0.605551 0.307461 -1.00508 1.3103
27.3937 0.616836 0.321415 -1.0322 1.25011
27.4298 0.628689 0.335039 -1.05635 1.18919
27.4662 0.641107 0.348309 -1.07757 1.12775
27.5028 0.654084 0.3612 -1.0959 1.06602
27.5396 0.667615 0.373689 -1.1114 1.0042
27.5766 0.681691 0.385749 -1.12413 0.942464
27.6139 0.696303 0.397356 -1.13419 0.880996
27.6515 0.711442 0.408482 -1.14165 0.819957
27.6893 0.727095 0.419102 -1.14661 0.759497
27.7274 0.743251 0.42919 -1.14916 0.699751
27.7657 0.759894 0.438717 -1.14939 0.640842
27.8043 0.777007 0.447659 -1.14743 0.582881
27.8432 0.794574 0.455987 -1.14336 0.525966
27.8823 0.812575 0.463677 -1.1373 0.470182
27.9217 0.830988 0.470701 -1.12934 0.415605
27.9614 0.849791 0.477034 -1.1196 0.362298
28.0013 0.868958 0.482652 -1.10818 0.310316
28.0415 0.888465 0.487529 -1.09517 0.259703
28.082 0.908282 0.491643 -1.08067 0.210495
28.1227 0.928381 0.494971 -1.06478 0.162722
28.1637 0.948728 0.49749 -1.0476 0.116404
28.2049 0.969293 0.499182 -1.0292 0.0715544
28.2464 0.990038 0.500027 -1.00967 0.0281834
28.2882 1.01093 0.500007 -0.989094 -0.0137063
28.3302 1.03193 0.499106 -0.967547 -0.0541157
28.3725 1.053 0.497311 -0.945102 -0.0930504
28.415 1.07409 0.494608 -0.921827 -0.130519
28.4577 1.09517 0.490988 -0.897785 -0.166534
28.5007 1.11619 0.486443 -0.873039 -0.201109
28.544 1.13711 0.480965 -0.847644 -0.234262
28.5874 1.15789 0.474551 -0.821653 -0.26601
28.6311 1.17847 0.4672 -0.795118 -0.296374
28.675 1.19881 0.458913 -0.768083 -0.325374
28.7192 1.21887 0.449693 -0.740592 -0.353033
28.7635 1.23859 0.439547 -0.712684 -0.379373
28.808 1.25794 0.428484 -0.684397 -0.404415
28.8528 1.27685 0.416514 -0.655765 -0.428183
28.8977 1.29528 0.403654 -0.626819 -0.4507
28.9428 1.3132 0.38992 -0.597588 -0.471987
28.9881 1.33054 0.375331 -0.568098 -0.492067
29.0336 1.34726 0.359913 -0.538375 -0.510959
29.0793 1.36333 0.343689 -0.50844 -0.528686
29.125 1.37869 0.326688 -0.478314 -0.545266
29.171 1.3933 0.308943 -0.448015 -0.560719
29.2171 1.40712 0.290486 -0.41756 -0.575061
29.2633 1.42012 0.271355 -0.386965 -0.588311
29.3097 1.43224 0.251588 -0.356245 -0.600483
29.3562 1.44347 0.231227 -0.325411 -0.611592
29.4027 1.45376 0.210315 -0.294476 -0.621651
29.4494 1.46309 0.188899 -0.26345 -0.630672
29.4962 1.47142 0.167027 -0.232343 -0.638667
29.5431 1.47873 0.144747 -0.201164 -0.645644
29.59 1.485 0.122112 -0.169921 -0.651611
29.6371 1.4902 0.0991741 -0.138622 -0.656576
29.6841 1.49433 0.0759876 -0.107274 -0.660543
29.7313 1.49736 0.0526077 -0.075884 -0.663517
29.7784 1.49929 0.0290905 -0.0444582 -0.6655
29.8256 1.5001 0.0054927 -0.013003 -0.666493
29.8728 1.49981 -0.0181286 0.0184755 -0.666497
29.9201 1.49839 -0.0417159 0.0499712 -0.665508
29.9673 1.49587 -0.065212 0.0814778 -0.663525
30.0145 1.49223 -0.0885597 0.112989 -0.660543
30.0618 1.4875 -0.111702 0.144498 -0.656555
30.109 1.48169 -0.134584 0.175997 -0.651554
30.1561 1.47481 -0.15715 0.20748 -0.645531
30.2032 1.46688 -0.179346 0.238938 -0.638477
30.2503 1.45792 -0.20112 0.270362 -0.630378
30.2973 1.44796 -0.222421 0.301742 -0.621223
30.3442 1.43703 -0.243199 0.333068 -0.610996
30.3911 1.42515 -0.263407 0.364328 -0.599682
30.4378 1.41237 -0.283 0.39551 -0.587263
30.4845 1.39872 -0.301935 0.426598 -0.573721
30.5311 1.38423 -0.320171 0.457578 -0.559036
30.5775 1.36894 -0.337671 0.488431 -0.543187
30.6238 1.35291 -0.354398 0.51914 -0.526152
30.67 1.33616 -0.37032 0.549683 -0.507908
30.7161 1.31875 -0.385406 0.580038 -0.488431
30.762 1.30073 -0.399631 0.610178 -0.467695
30.8077 1.28213 -0.412969 0.640076 -0.445676
30.8533 1.26302 -0.425399 0.669703 -0.422346
30.8987 1.24343 -0.436904 0.699025 -0.397678
30.9439 1.22342 -0.447467 0.728006 -0.371647
30.989 1.20304 -0.457076 0.756607 -0.344224
31.0338 1.18233 -0.465723 0.784786 -0.315383
31.0785 1.16135 -0.4734 0.812496 -0.285096
31.1229 1.14015 -0.480104 0.839689 -0.25334
31.1671 1.11878 -0.485834 0.86631 -0.220088
31.2112 1.09728 -0.490591 0.892302 -0.185317
31.2549 1.07571 -0.494381 0.917603 -0.149007
31.2985 1.0541 -0.49721 0.942147 -0.111138
31.3418 1.0325 -0.499087 0.965863 -0.0716941
31.3849 1.01097 -0.500024 0.988676 -0.0306623
31.4278 0.989535 -0.500035 1.01051 0.0119661
31.4704 0.968244 -0.499136 1.03127 0.0561953
31.5127 0.947137 -0.497344 1.05087 0.102024
31.5548 0.926252 -0.494678 1.06923 0.149446
31.5966 0.905624 -0.491161 1.08623 0.198446
31.6382 0.88529 -0.486813 1.10179 0.249004
31.6795 0.865282 -0.48166 1.11578 0.301089
31.7205 0.845631 -0.475727 1.12811 0.354662
31.7613 0.826366 -0.469039 1.13866 0.409674
31.8018 0.807516 -0.461623 1.14732 0.466065
31.842 0.789105 -0.453508 1.15396 0.523763
31.882 0.771157 -0.444722 1.15847 0.582682
31.9216 0.753694 -0.435293 1.16073 0.642725
31.961 0.736736 -0.425252 1.16063 0.703779
32.0001 0.7203 -0.414626 1.15805 0.765719
32.039 0.704403 -0.403447 1.15288 0.828402
32.0776 0.689059 -0.391744 1.14501 0.891672
32.1159 0.674282 -0.379546 1.13435 0.955356
32.1539 0.660081 -0.366882 1.12081 1.01927
32.1917 0.646466 -0.353782 1.1043 1.0832
32.2292 0.633446 -0.340274 1.08475 1.14695
32.2664 0.621027 -0.326386 1.06212 1.21027
32.3034 0.609214 -0.312145 1.03635 1.27294
32.3402 0.598011 -0.297579 1.00742 1.33469
32.3766 0.58742 -0.282712 0.975336 1.39526
32.4129 0.577443 -0.267571 0.940098 1.45439
32.4489 0.568081 -0.25218 0.901742 1.51181
32.4847 0.559334 -0.236563 0.860324 1.56723
32.5203 0.551199 -0.220741 0.81592 1.6204
32.5556 0.543676 -0.204736 0.768627 1.67103
32.5908 0.536761 -0.18857 0.718565 1.71888
32.6257 0.530452 -0.172261 0.665877 1.76367
32.6605 0.524746 -0.155828 0.610725 1.80517
32.6951 0.519638 -0.139289 0.553291 1.84316
32.7295 0.515125 -0.12266 0.493776 1.87743
32.7638 0.511203 -0.105958 0.432397 1.90778
32.798 0.507868 -0.0891958 0.369387 1.93406
32.8321 0.505117 -0.0723886 0.304989 1.95611
32.866 0.502945 -0.0555492 0.23946 1.97382
32.8998 0.501349 -0.0386902 0.173064 1.9871
32.9336 0.500326 -0.0218235 0.106069 1.99588
32.9674 0.499875 -0.00496041 0.0387491 2.00013
33.001 0.499991 0.0118879 -0.028623 1.99983
33.0347 0.500675 0.0287107 -0.0957744 1.99501
33.0683 0.501923 0.0454973 -0.162436 1.9857
33.102 0.503737 0.0622369 -0.228346 1.97199
33.1357 0.506115 0.0789188 -0.293248 1.95395
33.1694 0.509058 0.0955319 -0.356897 1.93172
33.2032 0.512566 0.112065 -0.41906 1.90543
33.2371 0.51664 0.128505 -0.479515 1.87525
33.271 0.521281 0.144841 -0.538056 1.84135
33.3051 0.526491 0.161059 -0.594494 1.80393
33.3392 0.532271 0.177145 -0.648656 1.76321
33.3735 0.538622 0.193085 -0.700386 1.71941
33.408 0.545547 0.208862 -0.749549 1.67277
33.4426 0.553046 0.224462 -0.796026 1.62352
33.4774 0.56112 0.239866 -0.839721 1.57192
33.5123 0.569771 0.255057 -0.880554 1.51821
33.5474 0.578997 0.270015 -0.918467 1.46266
33.5828 0.588799 0.28472 -0.953417 1.40551
33.6183 0.599177 0.299152 -0.985383 1.34701
33.654 0.610127 0.31329 -1.01436 1.2874
33.69 0.621648 0.327111 -1.04035 1.22693
33.7262 0.633735 0.340591 -1.06339 1.16581
33.7626 0.646386 0.353707 -1.08352 1.10426
33.7993 0.659593 0.366435 -1.10078 1.0425
33.8362 0.67335 0.37875 -1.11524 0.980713
33.8734 0.687649 0.390626 -1.12697 0.919088
33.9108 0.70248 0.402038 -1.13605 0.857795
33.9484 0.717834 0.412959 -1.14258 0.796989
33.9864 0.733697 0.423362 -1.14663 0.736815
34.0246 0.750056 0.433221 -1.14832 0.677404
34.063 0.766895 0.44251 -1.14774 0.618873
34.1017 0.784199 0.451202 -1.14499 0.561328
34.1407 0.801948 0.45927 -1.14019 0.504862
34.1799 0.820122 0.466688 -1.13343 0.449556
34.2194 0.838699 0.47343 -1.12482 0.395482
34.2592 0.857656 0.479471 -1.11447 0.342698
34.2992 0.876968 0.484785 -1.10247 0.291255
34.3395 0.896606 0.48935 -1.08892 0.241195
34.3801 0.916544 0.493142 -1.07393 0.192551
34.4209 0.936749 0.496139 -1.05758 0.145347
34.462 0.957191 0.498319 -1.03996 0.0996031
34.5034 0.977835 0.499663 -1.02117 0.0553305
34.545 0.998646 0.500153 -1.00128 0.012536
34.5869 1.01959 0.499771 -0.980367 -0.028779
34.629 1.04062 0.498503 -0.958514 -0.0686173
34.6714 1.0617 0.496335 -0.935788 -0.106986
34.714 1.0828 0.493255 -0.912255 -0.143894
34.7568 1.10386 0.489254 -0.88798 -0.179356
34.7999 1.12485 0.484324 -0.863022 -0.213386
34.8432 1.14571 0.47846 -0.837434 -0.246002
34.8868 1.16641 0.47166 -0.81127 -0.277223
34.9306 1.1869 0.463922 -0.784578 -0.307069
34.9746 1.20713 0.45525 -0.757402 -0.335562
35.0188 1.22706 0.445647 -0.729785 -0.362722
35.0632 1.24663 0.435121 -0.701764 -0.388574
35.1078 1.2658 0.423682 -0.673376 -0.413139
35.1527 1.28453 0.411343 -0.644654 -0.436439
35.1977 1.30275 0.39812 -0.615628 -0.458498
35.2429 1.32044 0.38403 -0.586326 -0.479336
35.2882 1.33753 0.369096 -0.556774 -0.498977
35.3338 1.35399 0.353342 -0.526996 -0.517439
35.3795 1.36977 0.336794 -0.497012 -0.534745
35.4253 1.38483 0.319482 -0.466843 -0.550912
35.4713 1.39912 0.301439 -0.436507 -0.565959
35.5175 1.4126 0.282699 -0.406019 -0.579904
35.5638 1.42525 0.263301 -0.375396 -0.592763
35.6102 1.43701 0.243283 -0.34465 -0.60455
35.6567 1.44785 0.222689 -0.313794 -0.615281
35.7033 1.45775 0.201564 -0.282839 -0.624967
35.7501 1.46667 0.179953 -0.251796 -0.63362
35.7969 1.47458 0.157906 -0.220673 -0.641251
35.8438 1.48147 0.135473 -0.18948 -0.647867
35.8908 1.4873 0.112707 -0.158225 -0.653477
35.9378 1.49206 0.089659 -0.126915 -0.658087
35.9849 1.49574 0.0663855 -0.0955574 -0.661702
36.032 1.49832 0.0429416 -0.0641581 -0.664325
36.0792 1.49979 0.0193837 -0.0327239 -0.665957
36.1264 1.50015 -0.00423136 -0.00126108 -0.6666
36.1736 1.49939 -0.0278462 0.0302244 -0.666253
36.2209 1.49752 -0.0514036 0.0617262 -0.664913
36.2681 1.49453 -0.0748461 0.0932382 -0.662577
36.3153 1.49045 -0.0981169 0.124754 -0.659239
36.3625 1.48527 -0.12116 0.156266 -0.654893
36.4097 1.47901 -0.143919 0.187768 -0.649531
36.4569 1.4717 -0.16634 0.219252 -0.643143
36.504 1.46334 -0.188369 0.250709 -0.635718
36.551 1.45397 -0.209955 0.28213 -0.627244
36.598 1.4436 -0.231047 0.313505 -0.617707
36.6449 1.43228 -0.251597 0.344824 -0.607093
36.6917 1.42003 -0.271558 0.376073 -0.595384
36.7384 1.40688 -0.290886 0.40724 -0.582563
36.785 1.39288 -0.309539 0.43831 -0.568611
36.8315 1.37806 -0.327477 0.469266 -0.553507
36.8779 1.36246 -0.344663 0.500091 -0.537231
36.9242 1.34612 -0.361064 0.530765 -0.519759
36.9703 1.3291 -0.376646 0.561266 -0.501067
37.0163 1.31143 -0.391382 0.591571 -0.481132
37.0621 1.29317 -0.405245 0.621653 -0.459928
37.1078 1.27435 -0.418213 0.651484 -0.437429
37.1533 1.25503 -0.430265 0.681032 -0.413607
37.1987 1.23527 -0.441385 0.710263 -0.388437
37.2438 1.2151 -0.451558 0.739141 -0.361891
37.2888 1.19458 -0.460773 0.767624 -0.333942
37.3335 1.17375 -0.469022 0.795669 -0.304563
37.3781 1.15268 -0.476299 0.823229 -0.273728
37.4225 1.1314 -0.482603 0.850252 -0.24141
37.4666 1.10997 -0.487933 0.876684 -0.207587
37.5105 1.08843 -0.492293 0.902464 -0.172235
37.5542 1.06684 -0.495687 0.927529 -0.135334
37.5977 1.04523 -0.498124 0.951812 -0.0968655
37.6409 1.02365 -0.499614 0.97524 -0.056815
37.6839 1.00215 -0.500169 0.997735 -0.0151709
37.7266 0.980774 -0.499804 1.01922 0.0280739
37.7691 0.959554 -0.498536 1.0396 0.0729218
37.8114 0.938532 -0.496383 1.05879 0.11937
37.8534 0.917748 -0.493365 1.07669 0.167407
37.8951 0.897236 -0.489504 1.0932 0.217019
37.9365 0.877031 -0.484823 1.10822 0.268179
37.9777 0.857166 -0.479347 1.12165 0.320855
38.0187 0.837669 -0.4731 1.13336 0.375003
38.0593 0.818571 -0.46611 1.14325 0.43057
38.0997 0.799898 -0.458404 1.1512 0.487491
38.1398 0.781674 -0.45001 1.15709 0.54569
38.1796 0.763922 -0.440957 1.1608 0.605075
38.2192 0.746663 -0.431273 1.16222 0.665545
38.2585 0.729917 -0.420988 1.16123 0.726981
38.2975 0.7137 -0.410132 1.15771 0.78925
38.3362 0.698028 -0.398734 1.15157 0.852206
38.3747 0.682914 -0.386824 1.14269 0.915684
38.4129 0.668371 -0.374432 1.13097 0.979507
38.4508 0.65441 -0.361586 1.11634 1.04348
38.4884 0.641038 -0.348315 1.09871 1.1074
38.5258 0.628263 -0.334647 1.07803 1.17104
38.563 0.616092 -0.320611 1.05423 1.23417
38.5999 0.604528 -0.306233 1.02728 1.29654
38.6365 0.593575 -0.291541 0.997175 1.3579
38.6729 0.583235 -0.276559 0.963905 1.41797
38.709 0.57351 -0.261312 0.927493 1.4765
38.745 0.5644 -0.245826 0.88798 1.53321
38.7806 0.555903 -0.230121 0.845429 1.58783
38.8161 0.548019 -0.214222 0.799925 1.64008
38.8514 0.540745 -0.198148 0.751575 1.68969
38.8865 0.534079 -0.181921 0.700505 1.73641
38.9213 0.528017 -0.165559 0.646868 1.77998
38.956 0.522556 -0.149081 0.590833 1.82018
38.9906 0.517692 -0.132503 0.532589 1.85678
39.025 0.513421 -0.115842 0.472344 1.88958
39.0592 0.50974 -0.0991132 0.410321 1.91839
39.0933 0.506644 -0.0823309 0.346757 1.94307
39.1273 0.50413 -0.0655089 0.281902 1.96348
39.1612 0.502194 -0.0486599 0.216015 1.97951
39.195 0.500833 -0.0317962 0.149362 1.99108
39.2288 0.500044 -0.0149295 0.0822136 1.99813
39.2625 0.499825 0.00192895 0.0148432 2.00065
39.2962 0.500173 0.0187683 -0.0524757 1.99862
39.3298 0.501088 0.0355777 -0.119472 1.99208
39.3635 0.502567 0.0523465 -0.185878 1.98108
39.3971 0.504612 0.0690639 -0.251435 1.96571
39.4308 0.50722 0.0857192 -0.31589 1.94606
39.4646 0.510394 0.102301 -0.379003 1.92226
39.4984 0.514133 0.118798 -0.440545 1.89447
39.5323 0.518439 0.135197 -0.5003 1.86286
39.5663 0.523312 0.151486 -0.558068 1.8276
39.6004 0.528754 0.167652 -0.613667 1.78891
39.6346 0.534767 0.183681 -0.666929 1.747
39.6689 0.541353 0.199556 -0.717708 1.7021
39.7035 0.548512 0.215264 -0.765873 1.65444
39.7381 0.556245 0.230786 -0.811316 1.60429
39.773 0.564555 0.246105 -0.853946 1.55187
39.808 0.57344 0.261203 -0.893691 1.49745
39.8432 0.582902 0.276061 -0.9305 1.44128
39.8786 0.592939 0.290658 -0.964338 1.38361
39.9142 0.60355 0.304973 -0.99519 1.32469
39.9501 0.614734 0.318984 -1.02305 1.26474
39.9861 0.626486 0.332669 -1.04795 1.20402
40.0224 0.638804 0.346004 -1.06991 1.14274
40.0589 0.651682 0.358965 -1.08897 1.08112
40.0957 0.665115 0.371528 -1.10519 1.01935
40.1327 0.679094 0.383667 -1.11864 0.957631
40.17 0.693611 0.395357 -1.12939 0.89614
40.2075 0.708657 0.406572 -1.13753 0.835041
40.2452 0.72422 0.417286 -1.14314 0.774486
40.2833 0.740287 0.427471 -1.14632 0.714614
40.3215 0.756844 0.437101 -1.14718 0.655549
40.3601 0.773876 0.44615 -1.14581 0.597405
40.3989 0.791363 0.454591 -1.14232 0.540283
40.438 0.809288 0.462397 -1.1368 0.484271
40.4773 0.827629 0.469543 -1.12938 0.429446
40.517 0.846365 0.476003 -1.12014 0.375874
40.5568 0.86547 0.481751 -1.1092 0.323611
40.597 0.884918 0.486764 -1.09665 0.272705
40.6374 0.904682 0.491017 -1.08259 0.223193
40.6781 0.924733 0.494488 -1.06712 0.175105
40.719 0.945039 0.497155 -1.05033 0.128465
40.7602 0.965568 0.498997 -1.03231 0.0832869
40.8017 0.986285 0.499996 -1.01313 0.0395817
40.8434 1.00715 0.500133 -0.992894 -0.0026462
40.8853 1.02814 0.499392 -0.971665 -0.043397
40.9276 1.0492 0.497759 -0.949519 -0.0826751
40.97 1.07029 0.495221 -0.926526 -0.120489
41.0127 1.09138 0.491768 -0.90275 -0.156849
41.0557 1.11241 0.487389 -0.878254 -0.191769
41.0989 1.13336 0.48208 -0.853094 -0.225266
41.1423 1.15416 0.475835 -0.827325 -0.257358
41.1859 1.17478 0.468654 -0.800996 -0.288064
41.2298 1.19517 0.460535 -0.774156 -0.317404
41.2739 1.21529 0.451484 -0.746847 -0.345401
41.3182 1.23508 0.441504 -0.719111 -0.372076
41.3627 1.25449 0.430605 -0.690983 -0.397452
41.4074 1.27349 0.418799 -0.6625 -0.42155
41.4523 1.29201 0.406098 -0.633694 -0.444394
41.4974 1.31003 0.39252 -0.604593 -0.466006
41.5426 1.32748 0.378084 -0.575224 -0.486408
41.5881 1.34432 0.362813 -0.545613 -0.50562
41.6337 1.36051 0.346733 -0.515783 -0.523663
41.6795 1.376 0.32987 -0.485754 -0.540558
41.7254 1.39075 0.312257 -0.455544 -0.556322
41.7714 1.40472 0.293926 -0.425173 -0.570973
41.8176 1.41787 0.274913 -0.394654 -0.58453
41.864 1.43015 0.255258 -0.364003 -0.597007
41.9104 1.44155 0.235 -0.333233 -0.608419
41.957 1.45201 0.214185 -0.302356 -0.618779
42.0037 1.46152 0.192856 -0.271383 -0.6281
42.0504 1.47003 0.171062 -0.240323 -0.636393
42.0973 1.47753 0.148851 -0.209185 -0.643667
42.1442 1.48399 0.126276 -0.177979 -0.64993
42.1912 1.48939 0.103388 -0.146712 -0.655191
42.2383 1.49371 0.0802412 -0.115391 -0.659453
42.2854 1.49695 0.0568911 -0.0840228 -0.662721
42.3325 1.49908 0.0333935 -0.0526143 -0.664999
42.3797 1.5001 0.00980484 -0.0211716 -0.666287
42.427 1.5 -0.0138177 0.0102991 -0.666586
42.4742 1.49879 -0.0374168 0.0417916 -0.665894
42.5214 1.49647 -0.0609351 0.0732999 -0.664208
42.5686 1.49304 -0.0843154 0.104818 -0.661523
42.6159 1.48851 -0.107501 0.136338 -0.657835
42.6631 1.48289 -0.130436 0.167854 -0.653135
42.7102 1.4762 -0.153065 0.199358 -0.647416
42.7573 1.46846 -0.175334 0.230843 -0.640667
42.8044 1.45969 -0.19719 0.262299 -0.632876
42.8514 1.44991 -0.218582 0.293718 -0.62403
42.8984 1.43915 -0.239461 0.325088 -0.614116
42.9452 1.42745 -0.259778 0.356399 -0.603118
42.992 1.41483 -0.279488 0.387637 -0.591018
43.0387 1.40133 -0.298548 0.418789 -0.577799
43.0853 1.38699 -0.316916 0.44984 -0.56344
43.1317 1.37185 -0.334555 0.480772 -0.54792
43.1781 1.35595 -0.351427 0.511568 -0.531219
43.2243 1.33933 -0.3675 0.542206 -0.513313
43.2703 1.32204 -0.382743 0.572665 -0.494177
43.3163 1.30412 -0.397128 0.602918 -0.473787
43.362 1.28562 -0.410632 0.632941 -0.452117
43.4076 1.2666 -0.423231 0.662702 -0.429141
43.4531 1.24709 -0.434908 0.692169 -0.404831
43.4983 1.22716 -0.445646 0.721308 -0.379162
43.5434 1.20684 -0.455432 0.75008 -0.352104
43.5883 1.18619 -0.464257 0.778442 -0.323632
43.633 1.16526 -0.472113 0.806351 -0.293719
43.6775 1.14409 -0.478997 0.833757 -0.262338
43.7217 1.12275 -0.484907 0.860607 -0.229464
43.7658 1.10127 -0.489844 0.886844 -0.195073
43.8096 1.0797 -0.493812 0.912409 -0.159145
43.8532 1.05809 -0.496817 0.937234 -0.121658
43.8966 1.03649 -0.498869 0.961251 -0.0825959
43.9397 1.01494 -0.499979 0.984385 -0.0419451
43.9826 0.993485 -0.50016 1.00656 0.000304406
44.0252 0.972164 -0.499428 1.02768 0.0441581
44.0676 0.951019 -0.497799 1.04768 0.0896164
44.1098 0.930089 -0.495294 1.06644 0.136674
44.1516 0.90941 -0.491932 1.08389 0.185318
44.1932 0.889018 -0.487736 1.0999 0.235529
44.2346 0.868946 -0.482731 1.11439 0.287279
44.2757 0.849226 -0.476939 1.12723 0.340532
44.3165 0.829887 -0.470389 1.13832 0.39524
44.357 0.810957 -0.463106 1.14754 0.451346
44.3973 0.792462 -0.455118 1.15478 0.50878
44.4373 0.774426 -0.446454 1.15991 0.56746
44.477 0.75687 -0.437142 1.16282 0.627292
44.5165 0.739816 -0.427211 1.16339 0.688166
44.5556 0.723282 -0.416692 1.16151 0.74996
44.5945 0.707283 -0.405613 1.15706 0.812534
44.6331 0.691835 -0.394005 1.14994 0.875734
44.6715 0.67695 -0.381896 1.14004 0.939393
44.7096 0.662641 -0.369316 1.12728 1.00333
44.7474 0.648916 -0.356295 1.11156 1.06733
44.7849 0.635784 -0.34286 1.09283 1.1312
44.8222 0.623252 -0.32904 1.071 1.19471
44.8593 0.611326 -0.314863 1.04605 1.25761
44.8961 0.600008 -0.300354 1.01795 1.31965
44.9326 0.589303 -0.285542 0.986676 1.38058
44.9689 0.579211 -0.27045 0.952244 1.44013
45.0049 0.569734 -0.255103 0.914681 1.49803
45.0407 0.560871 -0.239526 0.874036 1.55401
45.0764 0.552622 -0.22374 0.830381 1.60778
45.1117 0.544984 -0.207768 0.783809 1.65908
45.1469 0.537955 -0.19163 0.734434 1.70765
45.1819 0.531533 -0.175346 0.682393 1.75323
45.2167 0.525714 -0.158934 0.627844 1.79557
45.2514 0.520494 -0.142414 0.570965 1.83445
45.2858 0.51587 -0.1258 0.511952 1.86965
45.3201 0.511838 -0.10911 0.45102 1.90097
45.3543 0.508393 -0.0923578 0.388396 1.92826
45.3884 0.505532 -0.0755578 0.324323 1.95135
45.4224 0.503251 -0.0587232 0.259054 1.97012
45.4562 0.501547 -0.0418668 0.192852 1.98448
45.49 0.500417 -0.0250004 0.125983 1.99436
45.5237 0.499858 -0.00813552 0.0587217 1.99971
45.5574 0.499868 0.00871664 -0.00865983 2.00051
45.5911 0.500445 0.0255453 -0.0758884 1.99678
45.6247 0.501587 0.0423397 -0.142694 1.98856
45.6584 0.503294 0.0590893 -0.208813 1.97591
45.6921 0.505566 0.0757831 -0.273987 1.95891
45.7258 0.508402 0.0924102 -0.337969 1.9377
45.7595 0.511803 0.108959 -0.400522 1.91239
45.7934 0.51577 0.125418 -0.461423 1.88314
45.8273 0.520304 0.141775 -0.520461 1.85014
45.8613 0.525406 0.158017 -0.577444 1.81358
45.8955 0.531078 0.174129 -0.632194 1.77366
45.9298 0.537321 0.190098 -0.684551 1.73061
45.9642 0.544137 0.205908 -0.734376 1.68467
45.9987 0.551527 0.221543 -0.781545 1.63606
46.0335 0.559493 0.236986 -0.825958 1.58504
46.0684 0.568034 0.252219 -0.867531 1.53186
46.1035 0.577151 0.267223 -0.906199 1.47678
46.1388 0.586844 0.281978 -0.941918 1.42004
46.1743 0.597112 0.296465 -0.974661 1.36189
46.21 0.607954 0.31066 -1.00442 1.30258
46.2459 0.619367 0.324543 -1.03119 1.24234
46.282 0.631347 0.338091 -1.05501 1.18141
46.3184 0.643891 0.351279 -1.07591 1.12
46.355 0.656993 0.364083 -1.09393 1.05833
46.3919 0.670646 0.376479 -1.10914 0.996587
46.429 0.684843 0.388441 -1.12161 0.934961
46.4664 0.699574 0.399944 -1.13141 0.873626
46.504 0.71483 0.410961 -1.13863 0.81274
46.5418 0.730597 0.421465 -1.14336 0.752451
46.58 0.746863 0.431431 -1.14571 0.692893
46.6184 0.763613 0.440831 -1.14576 0.634185
46.657 0.78083 0.449639 -1.14363 0.576437
46.6959 0.798496 0.457829 -1.13941 0.519743
46.7351 0.816591 0.465373 -1.13322 0.464187
46.7746 0.835093 0.472247 -1.12515 0.409843
46.8143 0.85398 0.478425 -1.11531 0.356774
46.8543 0.873227 0.483881 -1.10381 0.30503
46.8945 0.892806 0.488591 -1.09073 0.254657
46.935 0.912689 0.492533 -1.07618 0.205688
46.9758 0.932847 0.495684 -1.06026 0.15815
47.0169 0.953247 0.498023 -1.04304 0.112065
47.0582 0.973855 0.499529 -1.02463 0.0674445
47.0997 0.994638 0.500184 -1.0051 0.0242974
47.1415 1.01556 0.499971 -0.984527 -0.0173739
47.1836 1.03658 0.498874 -0.962995 -0.0575712
47.2259 1.05765 0.49688 -0.940572 -0.0963002
47.2685 1.07875 0.493976 -0.917325 -0.13357
47.3113 1.09982 0.490152 -0.893318 -0.169394
47.3543 1.12083 0.485401 -0.868612 -0.203785
47.3976 1.14172 0.479717 -0.843261 -0.236761
47.4411 1.16246 0.473097 -0.81732 -0.268341
47.4849 1.183 0.46554 -0.790836 -0.298544
47.5288 1.20328 0.457046 -0.763856 -0.327391
47.573 1.22327 0.447622 -0.736422 -0.354904
47.6174 1.24292 0.437273 -0.708573 -0.381104
47.6619 1.26217 0.426008 -0.680345 -0.406016
47.7067 1.28098 0.413841 -0.651772 -0.42966
47.7517 1.29931 0.400786 -0.622886 -0.452059
47.7968 1.3171 0.386862 -0.593714 -0.473236
47.8422 1.33432 0.372089 -0.564283 -0.493211
47.8877 1.3509 0.35649 -0.534617 -0.512005
47.9334 1.36682 0.340092 -0.504738 -0.529639
47.9792 1.38202 0.322925 -0.474665 -0.546132
48.0252 1.39646 0.305019 -0.444418 -0.561503
48.0713 1.41011 0.28641 -0.414013 -0.575769
48.1175 1.42292 0.267135 -0.383465 -0.588946
48.1639 1.43485 0.247233 -0.352789 -0.60105
48.2104 1.44588 0.226747 -0.321996 -0.612095
48.257 1.45596 0.205719 -0.291098 -0.622094
48.3037 1.46507 0.184198 -0.260107 -0.631058
48.3505 1.47318 0.16223 -0.229031 -0.638998
48.3974 1.48027 0.139867 -0.197879 -0.645923
48.4444 1.48631 0.11716 -0.16666 -0.65184
48.4914 1.49128 0.094161 -0.13538 -0.656757
48.5385 1.49517 0.0709258 -0.104048 -0.660678
48.5856 1.49796 0.0475093 -0.0726703 -0.663607
48.6328 1.49965 0.0239678 -0.0412524 -0.665546
48.68 1.50022 0.000358124 -0.00980108 -0.666496
48.7272 1.49968 -0.0232626 0.0216776 -0.666456
48.7744 1.49803 -0.0468369 0.0531776 -0.665424
48.8217 1.49526 -0.0703075 0.0846925 -0.663397
48.8689 1.49138 -0.0936174 0.116216 -0.660369
48.9161 1.48642 -0.11671 0.147741 -0.656335
48.9633 1.48037 -0.13953 0.179261 -0.651287
49.0104 1.47326 -0.162022 0.210769 -0.645215
49.0575 1.4651 -0.184133 0.242255 -0.638108
49.1046 1.45592 -0.20581 0.27371 -0.629956
49.1516 1.44575 -0.227003 0.305126 -0.620743
49.1985 1.43461 -0.247664 0.336491 -0.610455
49.2453 1.42254 -0.267744 0.367794 -0.599076
49.292 1.40956 -0.2872 0.399021 -0.586589
49.3387 1.39572 -0.305989 0.430158 -0.572974
49.3852 1.38106 -0.324071 0.461189 -0.558212
49.4316 1.36561 -0.341408 0.492097 -0.54228
49.4779 1.34941 -0.357965 0.522862 -0.525158
49.524 1.33252 -0.37371 0.553464 -0.50682
49.5701 1.31497 -0.388615 0.583878 -0.487243
49.6159 1.29682 -0.402651 0.61408 -0.466401
49.6616 1.2781 -0.415796 0.644041 -0.444268
49.7072 1.25888 -0.42803 0.673731 -0.420818
49.7525 1.2392 -0.439333 0.703116 -0.396024
49.7977 1.2191 -0.449693 0.73216 -0.369858
49.8427 1.19864 -0.459097 0.760823 -0.342293
49.8875 1.17788 -0.467536 0.789063 -0.313301
49.9321 1.15684 -0.475005 0.816832 -0.282857
49.9765 1.1356 -0.4815 0.84408 -0.250934
50.0207 1.1142 -0.487021 0.870753 -0.217508
50.0647 1.09267 -0.491571 0.896793 -0.182555
50.1084 1.07109 -0.495154 0.922137 -0.146055
50.1519 1.04948 -0.497778 0.946718 -0.107988
50.1952 1.02789 -0.499453 0.970465 -0.0683382
50.2382 1.00637 -0.500191 0.993301 -0.0270937
50.281 0.984962 -0.500006 1.01514 0.0157541
50.3235 0.963707 -0.498914 1.03591 0.0602089
50.3658 0.942642 -0.496933 1.05551 0.106269
50.4079 0.921807 -0.494083 1.07385 0.153926
50.4496 0.901238 -0.490386 1.09083 0.203165
50.4911 0.88097 -0.485865 1.10634 0.253965
50.5324 0.861034 -0.480543 1.12028 0.306293
50.5733 0.841461 -0.474446 1.13254 0.360109
50.614 0.822282 -0.4676 1.143 0.415362
50.6545 0.803522 -0.460032 1.15155 0.47199
50.6946 0.785206 -0.451771 1.15807 0.529919
50.7345 0.767359 -0.442845 1.16244 0.589062
50.7741 0.750001 -0.433283 1.16454 0.649319
50.8135 0.733151 -0.423114 1.16426 0.710576
50.8525 0.716828 -0.412368 1.16149 0.772703
50.8913 0.701046 -0.401075 1.1561 0.835556
50.9298 0.685821 -0.389263 1.14801 0.898976
50.9681 0.671164 -0.376964 1.1371 0.962788
51.006 0.657086 -0.364204 1.12328 1.0268
51.0437 0.643596 -0.351015 1.10649 1.09081
51.0812 0.630702 -0.337423 1.08665 1.1546
51.1184 0.618411 -0.323457 1.06371 1.21794
51.1553 0.606726 -0.309145 1.03762 1.28058
51.192 0.595651 -0.294512 1.00837 1.34227
51.2284 0.58519 -0.279585 0.975947 1.40274
51.2646 0.575342 -0.264389 0.940374 1.46174
51.3006 0.56611 -0.248947 0.901684 1.51897
51.3363 0.557491 -0.233284 0.859934 1.57418
51.3718 0.549485 -0.217421 0.815204 1.62709
51.4071 0.54209 -0.201381 0.767594 1.67743
51.4422 0.535303 -0.185182 0.717229 1.72493
51.4771 0.52912 -0.168845 0.664252 1.76935
51.5119 0.52354 -0.152388 0.60883 1.81044
51.5464 0.518557 -0.135828 0.551147 1.84799
51.5808 0.514169 -0.119182 0.491406 1.88178
51.6151 0.51037 -0.102466 0.429827 1.91163
51.6492 0.507158 -0.0856928 0.366645 1.93738
51.6833 0.504528 -0.0688774 0.302105 1.95889
51.7172 0.502477 -0.0520325 0.236464 1.97604
51.751 0.501001 -0.0351706 0.169988 1.98875
51.7848 0.500098 -0.0183033 0.102945 1.99696
51.8185 0.499765 -0.00144211 0.0356088 2.00062
51.8522 0.5 0.0154021 -0.0317466 1.99975
51.8858 0.500801 0.0322186 -0.0988498 1.99435
51.9194 0.502168 0.0489966 -0.165432 1.98448
51.9531 0.504099 0.0657254 -0.231233 1.97021
51.9868 0.506595 0.0823942 -0.295997 1.95165
52.0205 0.509655 0.0989919 -0.359482 1.9289
52.0543 0.513281 0.115507 -0.421454 1.90212
52.0882 0.517472 0.131927 -0.481696 1.87147
52.1222 0.522232 0.14824 -0.540004 1.83714
52.1562 0.52756 0.164432 -0.596189 1.79932
52.1904 0.533458 0.180489 -0.650082 1.75823
52.2248 0.539928 0.196397 -0.701531 1.7141
52.2592 0.546972 0.21214 -0.750401 1.66715
52.2939 0.55459 0.227701 -0.796579 1.61764
52.3287 0.562783 0.243063 -0.839968 1.56581
52.3636 0.571553 0.258208 -0.880493 1.51192
52.3988 0.580898 0.273116 -0.918097 1.45621
52.4342 0.59082 0.287767 -0.952741 1.39895
52.4697 0.601316 0.302141 -0.984406 1.34037
52.5055 0.612384 0.316216 -1.01309 1.28071
52.5415 0.624022 0.329969 -1.0388 1.22022
52.5778 0.636227 0.343377 -1.06156 1.15911
52.6142 0.648992 0.356417 -1.08142 1.09761
52.651 0.662314 0.369062 -1.09843 1.03591
52.6879 0.676183 0.38129 -1.11266 0.97422
52.7251 0.690593 0.393073 -1.12417 0.912709
52.7626 0.705533 0.404387 -1.13305 0.851549
52.8003 0.720993 0.415205 -1.13938 0.790894
52.8383 0.73696 0.425499 -1.14327 0.730886
52.8765 0.753419 0.435245 -1.1448 0.671653
52.915 0.770356 0.444414 -1.14408 0.613311
52.9537 0.787753 0.452981 -1.14121 0.555964
52.9928 0.805592 0.460918 -1.1363 0.499702
53.0321 0.823851 0.468201 -1.12945 0.444606
53.0716 0.842509 0.474802 -1.12077 0.390744
53.1114 0.861542 0.480698 -1.11035 0.338175
53.1515 0.880923 0.485862 -1.09831 0.286948
53.1919 0.900627 0.490271 -1.08473 0.237102
53.2325 0.920623 0.493903 -1.06971 0.18867
53.2734 0.94088 0.496736 -1.05335 0.141676
53.3145 0.961367 0.498748 -1.03573 0.0961373
53.3559 0.98205 0.49992 -1.01695 0.0520658
53.3976 1.00289 0.500234 -0.997072 0.00946703
53.4395 1.02386 0.499673 -0.976187 -0.0316579
53.4817 1.0449 0.498223 -0.954366 -0.0713124
53.5241 1.06599 0.49587 -0.931679 -0.109504
53.5667 1.08709 0.492604 -0.908191 -0.146242
53.6096 1.10814 0.488415 -0.883965 -0.18154
53.6528 1.12911 0.483296 -0.85906 -0.215414
53.6961 1.14994 0.477242 -0.83353 -0.247881
53.7397 1.17061 0.470252 -0.807425 -0.278961
53.7836 1.19105 0.462324 -0.780795 -0.308673
53.8276 1.21123 0.453462 -0.753682 -0.337038
53.8718 1.23108 0.443671 -0.726129 -0.364079
53.9163 1.25058 0.432959 -0.698174 -0.389818
53.961 1.26967 0.421337 -0.669852 -0.414276
54.0058 1.28829 0.408817 -0.641195 -0.437477
54.0509 1.30642 0.395416 -0.612233 -0.459443
54.0961 1.32399 0.381154 -0.582995 -0.480194
54.1415 1.34096 0.366051 -0.553505 -0.499754
54.1871 1.35729 0.350134 -0.523787 -0.518141
54.2328 1.37292 0.333428 -0.493861 -0.535376
54.2787 1.38783 0.315965 -0.463748 -0.551478
54.3247 1.40196 0.297777 -0.433465 -0.566465
54.3709 1.41529 0.2789 -0.403029 -0.580354
54.4172 1.42775 0.259373 -0.372453 -0.593161
54.4636 1.43933 0.239234 -0.341752 -0.604901
54.5101 1.44999 0.218528 -0.310937 -0.615587
54.5568 1.4597 0.1973 -0.28002 -0.625232
54.6035 1.46842 0.175596 -0.249012 -0.633847
54.6504 1.47613 0.153466 -0.21792 -0.641441
54.6973 1.4828 0.13096 -0.186754 -0.648025
54.7443 1.48842 0.108131 -0.155522 -0.653604
54.7913 1.49297 0.0850318 -0.124231 -0.658184
54.8384 1.49643 0.0617179 -0.092888 -0.661771
54.8856 1.49879 0.0382447 -0.0614997 -0.664366
54.9327 1.50004 0.0146689 -0.0300723 -0.665972
54.98 1.50017 -0.00895263 0.00138793 -0.666589
55.0272 1.49919 -0.0325625 0.0328749 -0.666216
55.0744 1.4971 -0.0561034 0.0643825 -0.66485
55.1216 1.49389 -0.0795181 0.0959044 -0.662487
55.1689 1.48959 -0.10275 0.127434 -0.659121
55.2161 1.48419 -0.125742 0.158965 -0.654746
55.2632 1.47772 -0.14844 0.190489 -0.649354
55.3103 1.4702 -0.170789 0.221999 -0.642933
55.3574 1.46163 -0.192736 0.253486 -0.635474
55.4044 1.45206 -0.214229 0.284942 -0.626963
55.4514 1.4415 -0.235219 0.316355 -0.617387
55.4983 1.42999 -0.255657 0.347715 -0.606729
55.5451 1.41756 -0.275497 0.379009 -0.594974
55.5918 1.40424 -0.294696 0.410225 -0.582103
55.6384 1.39007 -0.313212 0.441346 -0.568096
55.6848 1.37509 -0.331005 0.472358 -0.552934
55.7312 1.35934 -0.348039 0.50324 -0.536593
55.7774 1.34286 -0.364281 0.533975 -0.519052
55.8235 1.32571 -0.379699 0.564539 -0.500286
55.8695 1.30792 -0.394265 0.594908 -0.480271
55.9153 1.28954 -0.407954 0.625056 -0.458981
55.9609 1.27062 -0.420743 0.654955 -0.436389
56.0064 1.2512 -0.432613 0.684572 -0.412468
56.0517 1.23135 -0.443548 0.713872 -0.387192
56.0968 1.21111 -0.453533 0.742819 -0.360533
56.1417 1.19052 -0.462558 0.771372 -0.332464
56.1864 1.16964 -0.470617 0.799485 -0.302957
56.231 1.14852 -0.477703 0.827112 -0.271986
56.2753 1.12721 -0.483815 0.854199 -0.239525
56.3194 1.10575 -0.488954 0.880692 -0.205551
56.3632 1.0842 -0.493123 0.906531 -0.170041
56.4069 1.06259 -0.496329 0.931651 -0.132974
56.4503 1.04099 -0.498578 0.955983 -0.0943325
56.4935 1.01942 -0.499883 0.979455 -0.0541015
56.5364 0.997942 -0.500256 1.00199 -0.01227
56.5791 0.976588 -0.499713 1.0235 0.0311686
56.6215 0.955402 -0.498269 1.0439 0.0762161
56.6637 0.934423 -0.495945 1.0631 0.122869
56.7057 0.913688 -0.492759 1.08101 0.171116
56.7473 0.893233 -0.488736 1.09751 0.22094
56.7887 0.87309 -0.483896 1.11251 0.272316
56.8299 0.853293 -0.478267 1.1259 0.325208
56.8707 0.833872 -0.471872 1.13757 0.379573
56.9113 0.814853 -0.46474 1.1474 0.435356
56.9516 0.796265 -0.456897 1.15527 0.492489
56.9917 0.77813 -0.448371 1.16107 0.550895
57.0315 0.760472 -0.439191 1.16467 0.610482
57.071 0.743311 -0.429387 1.16597 0.671144
57.1102 0.726665 -0.418988 1.16484 0.732761
57.1491 0.710552 -0.408024 1.16117 0.795198
57.1878 0.694987 -0.396523 1.15485 0.858305
57.2262 0.679983 -0.384516 1.14578 0.921918
57.2644 0.665552 -0.372033 1.13386 0.985856
57.3022 0.651704 -0.359101 1.119 1.04992
57.3398 0.638446 -0.34575 1.10114 1.11391
57.3772 0.625788 -0.332008 1.08021 1.17759
57.4143 0.613733 -0.317903 1.05615 1.24073
57.4511 0.602287 -0.303462 1.02894 1.30307
57.4877 0.591453 -0.28871 0.998558 1.36438
57.524 0.581232 -0.273674 0.96501 1.42437
57.5601 0.571625 -0.258379 0.928317 1.48277
57.596 0.562633 -0.242848 0.888524 1.53933
57.6316 0.554255 -0.227104 0.845696 1.59375
57.667 0.546488 -0.211168 0.79992 1.64576
57.7023 0.539332 -0.195063 0.751305 1.69511
57.7373 0.532782 -0.178808 0.699984 1.74153
57.7721 0.526836 -0.162422 0.646108 1.78478
57.8068 0.52149 -0.145922 0.58985 1.82461
57.8413 0.51674 -0.129327 0.531402 1.86082
57.8756 0.512583 -0.112651 0.470973 1.8932
57.9099 0.509015 -0.0959106 0.408789 1.92158
57.9439 0.506031 -0.0791193 0.345089 1.9458
57.9779 0.503628 -0.0622908 0.280123 1.96574
58.0118 0.501802 -0.0454377 0.214151 1.98128
58.0456 0.500551 -0.0285722 0.147441 1.99235
58.0793 0.499871 -0.0117058 0.0802618 1.99891
58.113 0.49976 0.00515014 0.0128888 2.00092
58.1467 0.500217 0.0219849 -0.0544053 1.99839
58.1803 0.50124 0.0387877 -0.12135 1.99136
58.214 0.502827 0.0555478 -0.187679 1.97988
58.2476 0.504979 0.0722546 -0.253133 1.96403
58.2813 0.507695 0.0888971 -0.317462 1.94393
58.3151 0.510977 0.105464 -0.380427 1.91971
58.3489 0.514823 0.121943 -0.441799 1.8915
58.3828 0.519237 0.138323 -0.501367 1.8595
58.4168 0.524218 0.154591 -0.558931 1.82388
58.4509 0.529769 0.170732 -0.614311 1.78486
58.4852 0.53589 0.186733 -0.667343 1.74264
58.5196 0.542584 0.202579 -0.71788 1.69747
58.5541 0.549852 0.218253 -0.765797 1.64958
58.5888 0.557695 0.233738 -0.810987 1.59922
58.6237 0.566114 0.249018 -0.85336 1.54663
58.6587 0.575108 0.264073 -0.892848 1.49207
58.6939 0.584679 0.278883 -0.929401 1.43579
58.7294 0.594825 0.293429 -0.962988 1.37803
58.765 0.605544 0.307689 -0.993593 1.31906
58.8009 0.616836 0.321641 -1.02122 1.2591
58.837 0.628696 0.335262 -1.04588 1.19838
58.8733 0.64112 0.34853 -1.06762 1.13713
58.9099 0.654103 0.361419 -1.08647 1.07557
58.9467 0.667639 0.373905 -1.1025 1.01388
58.9838 0.681721 0.385962 -1.11577 0.952257
59.0211 0.696339 0.397566 -1.12635 0.890882
59.0586 0.711484 0.408689 -1.13433 0.829915
59.0964 0.727143 0.419306 -1.13981 0.769505
59.1345 0.743304 0.42939 -1.14287 0.70979
59.1728 0.759952 0.438914 -1.14362 0.650893
59.2114 0.77707 0.447852 -1.14215 0.592924
59.2503 0.794642 0.456177 -1.13858 0.535984
59.2894 0.812648 0.463863 -1.133 0.480158
59.3288 0.831065 0.470883 -1.12552 0.425522
59.3685 0.849873 0.477212 -1.11625 0.372141
59.4084 0.869045 0.482826 -1.10528 0.32007
59.4486 0.888556 0.487699 -1.09271 0.269355
59.489 0.908377 0.491808 -1.07865 0.220032
59.5298 0.928479 0.495131 -1.06319 0.17213
59.5707 0.94883 0.497647 -1.04641 0.125672
59.612 0.969398 0.499334 -1.02841 0.0806725
59.6535 0.990147 0.500174 -1.00927 0.0371405
59.6952 1.01104 0.500149 -0.989067 -0.00491966
59.7372 1.03204 0.499244 -0.967883 -0.0455086
59.7795 1.05311 0.497444 -0.945787 -0.0846312
59.822 1.07421 0.494737 -0.922849 -0.122296
59.8648 1.09529 0.491112 -0.899132 -0.158513
59.9078 1.11632 0.486562 -0.874699 -0.193299
59.951 1.13724 0.481079 -0.849605 -0.226667
59.9944 1.15802 0.474661 -0.823903 -0.258637
60.0381 1.1786 0.467306 -0.797645 -0.289229
60.082 1.19895 0.459014 -0.770875 -0.318461
60.1261 1.219 0.44979 -0.743638 -0.346357
60.1705 1.23873 0.439639 -0.715973 -0.372938
60.215 1.25807 0.428571 -0.687918 -0.398226
60.2597 1.27698 0.416598 -0.659506 -0.422243
60.3047 1.29542 0.403733 -0.63077 -0.445012
60.3498 1.31334 0.389994 -0.601737 -0.466554
60.3951 1.33068 0.375402 -0.572436 -0.486892
60.4405 1.3474 0.359979 -0.542891 -0.506046
60.4862 1.36347 0.343751 -0.513123 -0.524036
60.532 1.37883 0.326747 -0.483155 -0.540882
60.5779 1.39344 0.308998 -0.453003 -0.556602
60.624 1.40726 0.290537 -0.422687 -0.571215
60.6702 1.42026 0.271402 -0.39222 -0.584736
60.7166 1.43239 0.251632 -0.361618 -0.597181
60.763 1.44361 0.231267 -0.330894 -0.608565
60.8096 1.4539 0.210352 -0.300058 -0.618901
60.8563 1.46323 0.188933 -0.269123 -0.6282
60.9031 1.47156 0.167057 -0.238097 -0.636474
60.95 1.47887 0.144774 -0.20699 -0.643731
60.9969 1.48514 0.122136 -0.175811 -0.649979
61.0439 1.49035 0.0991947 -0.144566 -0.655226
61.091 1.49447 0.076005 -0.113263 -0.659477
61.1381 1.4975 0.052622 -0.0819092 -0.662735
61.1852 1.49943 0.0291016 -0.0505107 -0.665003
61.2324 1.50025 0.00550055 -0.0190737 -0.666283
61.2797 1.49995 -0.0181239 0.0123956 -0.666573
61.3269 1.49854 -0.0417145 0.0438911 -0.665872
61.3741 1.49601 -0.0652138 0.0754065 -0.664177
61.4213 1.49238 -0.0885648 0.106936 -0.661483
61.4685 1.48765 -0.111711 0.138472 -0.657784
61.5157 1.48184 -0.134596 0.170008 -0.653073
61.5629 1.47495 -0.157166 0.201536 -0.647341
61.61 1.46702 -0.179365 0.233049 -0.640576
61.657 1.45807 -0.201143 0.264538 -0.632768
61.704 1.44811 -0.222447 0.295993 -0.623904
61.751 1.43718 -0.243229 0.327404 -0.613968
61.7978 1.4253 -0.263441 0.358759 -0.602944
61.8446 1.41252 -0.283038 0.390045 -0.590816
61.8912 1.39887 -0.301977 0.421249 -0.577565
61.9378 1.38438 -0.320218 0.452355 -0.56317
61.9842 1.36909 -0.337722 0.483345 -0.54761
62.0305 1.35306 -0.354453 0.514202 -0.530864
62.0767 1.33631 -0.370379 0.544905 -0.512908
62.1227 1.3189 -0.385471 0.57543 -0.493718
62.1686 1.30088 -0.3997 0.605754 -0.473268
62.2144 1.28228 -0.413043 0.635847 -0.451532
62.2599 1.26316 -0.425478 0.665682 -0.428484
62.3053 1.24357 -0.436988 0.695224 -0.404097
62.3506 1.22356 -0.447556 0.724438 -0.378343
62.3956 1.20318 -0.457171 0.753286 -0.351194
62.4404 1.18248 -0.465822 0.781725 -0.322624
62.4851 1.1615 -0.473505 0.80971 -0.292605
62.5295 1.1403 -0.480214 0.837191 -0.261112
62.5738 1.11892 -0.485949 0.864116 -0.228119
62.6178 1.09742 -0.490712 0.890425 -0.193602
62.6615 1.07584 -0.494507 0.916059 -0.157539
62.7051 1.05423 -0.497341 0.940951 -0.119911
62.7484 1.03263 -0.499224 0.965031 -0.0807006
62.7915 1.01109 -0.500166 0.988223 -0.0398947
62.8319 0.990904 -0.500207 1.00918 -2.47178e-15
