# phi u uprime x y
0 1 0 1 0
0.125 1 0 0.992198 0.124675
0.175 1 0 0.984727 0.174108
0.225 1 0 0.974794 0.223106
0.275 1 0 0.962425 0.271547
0.325 1 0 0.947651 0.319309
0.375 1 0 0.930508 0.366273
0.425 1 0 0.911039 0.412321
0.475 1 0 0.889293 0.457338
0.525 1 0 0.865324 0.501213
0.575 1 0 0.839192 0.543835
0.625 1 0 0.810963 0.585097
0.675 1 0 0.780707 0.624897
0.725 1 0 0.748499 0.663135
0.775 1 0 0.714421 0.699716
0.825 1 0 0.678557 0.734548
0.875 1 0 0.640997 0.767544
0.925 1 0 0.601835 0.798621
0.975 1 0 0.561168 0.827702
1.025 1 0 0.519099 0.854714
1.075 1 0 0.475732 0.87959
1.125 1 0 0.431177 0.902268
1.175 1 0 0.385543 0.92269
1.225 1 0 0.338946 0.940806
1.275 1 0 0.291502 0.95657
1.325 1 0 0.243329 0.969944
1.375 1 0 0.194548 0.980893
1.425 1 0 0.14528 0.989391
1.475 1 0 0.0956499 0.995415
1.525 1 0 0.0457803 0.998952
1.575 1 0 -0.00420366 0.999991
1.625 1 0 -0.0541771 0.998531
1.675 1 0 -0.104015 0.994576
1.725 1 0 -0.153593 0.988134
1.775 1 0 -0.202787 0.979223
1.825 1 0 -0.251475 0.967864
1.875 1 0 -0.299534 0.954086
1.925 1 0 -0.346844 0.937923
1.975 1 0 -0.393287 0.919416
2.025 1 0 -0.438747 0.898611
2.075 1 0 -0.48311 0.875559
2.125 1 0 -0.526266 0.85032
2.175 1 0 -0.568107 0.822955
2.225 1 0 -0.608528 0.793533
2.275 1 0 -0.647427 0.762127
2.325 1 0 -0.684709 0.728817
2.375 1 0 -0.720278 0.693685
2.425 1 0 -0.754048 0.656819
2.475 1 0 -0.785933 0.618312
2.525 1 0 -0.815854 0.578259
2.575 1 0 -0.843735 0.53676
2.625 1 0 -0.869507 0.49392
2.675 1 0 -0.893106 0.449846
2.725 1 0 -0.914473 0.404647
2.775 1 0 -0.933554 0.358437
2.825 1 0 -0.950302 0.31133
2.875 1 0 -0.964674 0.263446
2.925 1 0 -0.976635 0.214903
2.975 1 0 -0.986156 0.165823
3.025 1 0 -0.993211 0.116329
3.075 1 0 -0.997784 0.0665434
3.125 1 0 -0.999862 0.0165919
3.175 1 0 -0.999442 -0.0334011
3.225 1 0 -0.996524 -0.0833107
3.275 1 0 -0.991114 -0.133012
3.325 1 0 -0.983228 -0.182381
3.375 1 0 -0.972884 -0.231294
3.425 1 0 -0.960108 -0.279629
3.475 1 0 -0.944933 -0.327265
3.525 1 0 -0.927395 -0.374083
3.575 1 0 -0.90754 -0.419966
3.625 1 0 -0.885416 -0.464799
3.675 1 0 -0.86108 -0.50847
3.725 1 0 -0.83459 -0.550871
3.775 1 0 -0.806015 -0.591895
3.825 1 0 -0.775426 -0.631439
3.875 1 0 -0.742898 -0.669405
3.925 1 0 -0.708513 -0.705698
3.975 1 0 -0.672357 -0.740227
4.025 1 0 -0.634521 -0.772905
4.075 1 0 -0.595099 -0.803652
4.125 1 0 -0.55419 -0.832391
4.175 1 0 -0.511895 -0.859048
4.225 1 0 -0.46832 -0.883559
4.275 1 0 -0.423576 -0.905861
4.325 1 0 -0.377772 -0.925899
4.375 1 0 -0.331024 -0.943622
4.425 1 0 -0.283449 -0.958987
4.475 1 0 -0.235166 -0.971955
4.525 1 0 -0.186294 -0.982494
4.575 1 0 -0.136957 -0.990577
4.625 1 0 -0.0872778 -0.996184
4.675 1 0 -0.0373803 -0.999301
4.725 1 0 0.0126107 -0.99992
4.775 1 0 0.0625701 -0.998041
4.825 1 0 0.112373 -0.993666
4.875 1 0 0.161895 -0.986808
4.925 1 0 0.211013 -0.977483
4.975 1 0 0.259603 -0.965715
5.025 1 0 0.307544 -0.951534
5.075 1 0 0.354717 -0.934974
5.125 1 0 0.401003 -0.916077
5.175 1 0 0.446286 -0.89489
5.225 1 0 0.490454 -0.871467
5.275 1 0 0.533397 -0.845865
5.325 1 0 0.575006 -0.818149
5.375 1 0 0.615177 -0.788389
5.425 1 0 0.653812 -0.756657
5.475 1 0 0.690812 -0.723035
5.525 1 0 0.726085 -0.687605
5.575 1 0 0.759544 -0.650457
5.625 1 0 0.791104 -0.611682
5.675 1 0 0.820686 -0.571379
5.725 1 0 0.848218 -0.529648
5.775 1 0 0.873629 -0.486593
5.825 1 0 0.896857 -0.442321
5.875 1 0 0.917843 -0.396944
5.925 1 0 0.936535 -0.350575
5.975 1 0 0.952886 -0.30333
6.025 1 0 0.966855 -0.255326
6.075 1 0 0.978408 -0.206685
6.125 1 0 0.987515 -0.157526
6.175 1 0 0.994154 -0.107974
6.225 1 0 0.998308 -0.0581525
6.275 1 0 0.999967 -0.00818522
6.325 1 0 0.999126 0.0418025
6.375 1 0 0.995788 0.0916857
6.425 1 0 0.989961 0.14134
6.475 1 0 0.98166 0.190641
6.525 1 0 0.970905 0.239465
6.575 1 0 0.957723 0.287691
6.625 1 0 0.942148 0.335197
6.675 1 0 0.924218 0.381866
6.725 1 0 0.903977 0.427581
6.775 1 0 0.881477 0.472226
6.825 1 0 0.856774 0.515692
6.875 1 0 0.82993 0.557868
6.925 1 0 0.801011 0.59865
6.975 1 0 0.77009 0.637936
7.025 1 0 0.737244 0.675627
7.075 1 0 0.702555 0.711629
7.125 1 0 0.66611 0.745853
7.175 1 0 0.628001 0.778213
7.225 1 0 0.588322 0.808627
7.275 1 0 0.547172 0.83702
7.325 1 0 0.504654 0.863321
7.375 1 0 0.460876 0.887465
7.425 1 0 0.415945 0.90939
7.475 1 0 0.369975 0.929042
7.525 1 0 0.323079 0.946372
7.575 1 0 0.275377 0.961336
7.625 1 0 0.226986 0.973898
7.675 1 0 0.178028 0.984026
7.725 1 0 0.128624 0.991693
7.775 1 0 0.0788995 0.996883
7.825 1 0 0.0289776 0.99958
7.875 1 0 -0.0210168 0.999779
7.925 1 0 -0.0709587 0.997479
7.975 1 0 -0.120723 0.992686
8.025 1 0 -0.170186 0.985412
8.075 1 0 -0.219223 0.975675
8.125 1 0 -0.267713 0.963499
8.175 1 0 -0.315533 0.948915
8.225 1 0 -0.362565 0.931959
8.275 1 0 -0.40869 0.912673
8.325 1 0 -0.453794 0.891107
8.375 1 0 -0.497764 0.867313
8.425 1 0 -0.540489 0.841351
8.475 1 0 -0.581864 0.813286
8.525 1 0 -0.621784 0.783189
8.575 1 0 -0.66015 0.751134
8.625 1 0 -0.696866 0.717201
8.675 1 0 -0.73184 0.681476
8.725 1 0 -0.764985 0.644048
8.775 1 0 -0.796218 0.60501
8.825 1 0 -0.825461 0.564459
8.875 1 0 -0.852641 0.522498
8.925 1 0 -0.877689 0.479231
8.975 1 0 -0.900544 0.434766
9.025 1 0 -0.921147 0.389214
9.075 1 0 -0.939449 0.342689
9.125 1 0 -0.955402 0.295308
9.175 1 0 -0.968967 0.247189
9.225 1 0 -0.980111 0.198452
9.275 1 0 -0.988804 0.149219
9.325 1 0 -0.995026 0.0996125
9.375 1 0 -0.998761 0.0497574
9.425 1 0 -1 -0.000222039
9.475 1 0 -0.998739 -0.0502009
9.525 1 0 -0.994982 -0.100054
9.575 1 0 -0.988738 -0.149658
9.625 1 0 -0.980022 -0.198887
9.675 1 0 -0.968857 -0.247619
9.725 1 0 -0.955271 -0.295732
9.775 1 0 -0.939297 -0.343106
9.825 1 0 -0.920975 -0.389623
9.875 1 0 -0.900351 -0.435165
9.925 1 0 -0.877476 -0.47962
9.975 1 0 -0.852408 -0.522877
10.025 1 0 -0.82521 -0.564826
10.075 1 0 -0.795949 -0.605363
10.125 1 0 -0.764699 -0.644387
10.175 1 0 -0.731538 -0.681801
10.225 1 0 -0.696547 -0.717511
10.275 1 0 -0.659816 -0.751427
10.325 1 0 -0.621436 -0.783465
10.375 1 0 -0.581502 -0.813545
10.425 1 0 -0.540115 -0.841591
10.475 1 0 -0.497378 -0.867534
10.525 1 0 -0.453398 -0.891308
10.575 1 0 -0.408285 -0.912855
10.625 1 0 -0.362151 -0.93212
10.675 1 0 -0.315112 -0.949055
10.725 1 0 -0.267285 -0.963618
10.775 1 0 -0.21879 -0.975772
10.825 1 0 -0.169748 -0.985487
10.875 1 0 -0.120282 -0.99274
10.925 1 0 -0.0705157 -0.997511
10.975 1 0 -0.0205728 -0.999788
11.025 1 0 0.0294215 -0.999567
11.075 1 0 0.0793422 -0.996847
11.125 1 0 0.129065 -0.991636
11.175 1 0 0.178465 -0.983946
11.225 1 0 0.227418 -0.973797
11.275 1 0 0.275804 -0.961214
11.325 1 0 0.3235 -0.946228
11.375 1 0 0.370387 -0.928877
11.425 1 0 0.416349 -0.909205
11.475 1 0 0.46127 -0.88726
11.525 1 0 0.505038 -0.863097
11.575 1 0 0.547543 -0.836777
11.625 1 0 0.588681 -0.808366
11.675 1 0 0.628346 -0.777934
11.725 1 0 0.666442 -0.745557
11.775 1 0 0.702871 -0.711317
11.825 1 0 0.737544 -0.675299
11.875 1 0 0.770373 -0.637594
11.925 1 0 0.801276 -0.598294
11.975 1 0 0.830177 -0.557499
12.025 1 0 0.857003 -0.515311
12.075 1 0 0.881687 -0.471835
12.125 1 0 0.904167 -0.427179
12.175 1 0 0.924387 -0.381456
12.225 1 0 0.942297 -0.334779
12.275 1 0 0.957851 -0.287265
12.325 1 0 0.971011 -0.239034
12.375 1 0 0.981744 -0.190205
12.425 1 0 0.990024 -0.1409
12.475 1 0 0.995829 -0.0912435
12.525 1 0 0.999144 -0.0413588
12.575 1 0 0.999963 0.00862928
12.625 1 0 0.998282 0.0585958
12.675 1 0 0.994106 0.108416
12.725 1 0 0.987445 0.157965
12.775 1 0 0.978316 0.207119
12.825 1 0 0.966741 0.255756
12.875 1 0 0.952751 0.303753
12.925 1 0 0.936379 0.350991
12.975 1 0 0.917666 0.397352
13.025 1 0 0.89666 0.44272
13.075 1 0 0.873413 0.486981
13.125 1 0 0.847982 0.530024
13.175 1 0 0.820432 0.571744
13.225 1 0 0.790832 0.612034
13.275 1 0 0.759255 0.650794
13.325 1 0 0.72578 0.687927
13.375 1 0 0.690491 0.723341
13.425 1 0 0.653476 0.756948
13.475 1 0 0.614827 0.788662
13.525 1 0 0.574642 0.818405
13.575 1 0 0.533021 0.846102
13.625 1 0 0.490067 0.871685
13.675 1 0 0.445889 0.895088
13.725 1 0 0.400596 0.916255
13.775 1 0 0.354301 0.935131
13.825 1 0 0.307122 0.95167
13.875 1 0 0.259174 0.965831
13.925 1 0 0.210579 0.977577
13.975 1 0 0.161457 0.98688
14.025 1 0 0.111932 0.993716
14.075 1 0 0.0621269 0.998068
14.125 1 0 0.0121666 0.999926
14.175 1 0 -0.037824 0.999284
14.225 1 0 -0.0877202 0.996145
14.275 1 0 -0.137397 0.990516
14.325 1 0 -0.186731 0.982411
14.375 1 0 -0.235597 0.971851
14.425 1 0 -0.283875 0.958861
14.475 1 0 -0.331443 0.943475
14.525 1 0 -0.378183 0.925731
14.575 1 0 -0.423978 0.905673
14.625 1 0 -0.468713 0.883351
14.675 1 0 -0.512276 0.858821
14.725 1 0 -0.554559 0.832144
14.775 1 0 -0.595456 0.803388
14.825 1 0 -0.634864 0.772624
14.875 1 0 -0.672686 0.739928
14.925 1 0 -0.708826 0.705383
14.975 1 0 -0.743195 0.669075
15.025 1 0 -0.775706 0.631094
15.075 1 0 -0.806278 0.591537
15.125 1 0 -0.834835 0.5505
15.175 1 0 -0.861305 0.508088
15.225 1 0 -0.885623 0.464406
15.275 1 0 -0.907726 0.419562
15.325 1 0 -0.927561 0.373671
15.375 1 0 -0.945078 0.326845
15.425 1 0 -0.960232 0.279202
15.475 1 0 -0.972987 0.230862
15.525 1 0 -0.983309 0.181944
15.575 1 0 -0.991173 0.132572
15.625 1 0 -0.996561 0.0828681
15.675 1 0 -0.999457 0.0329573
15.725 1 0 -0.999855 -0.0170359
15.775 1 0 -0.997754 -0.0669865
15.825 1 0 -0.993159 -0.11677
15.875 1 0 -0.986082 -0.166261
15.925 1 0 -0.97654 -0.215337
15.975 1 0 -0.964557 -0.263874
16.025 1 0 -0.950163 -0.311752
16.075 1 0 -0.933395 -0.358851
16.125 1 0 -0.914293 -0.405053
16.175 1 0 -0.892906 -0.450242
16.225 1 0 -0.869288 -0.494306
16.275 1 0 -0.843496 -0.537135
16.325 1 0 -0.815597 -0.578621
16.375 1 0 -0.785658 -0.618661
16.425 1 0 -0.753756 -0.657154
16.475 1 0 -0.71997 -0.694005
16.525 1 0 -0.684385 -0.729121
16.575 1 0 -0.647089 -0.762415
16.625 1 0 -0.608175 -0.793803
16.675 1 0 -0.567741 -0.823207
16.725 1 0 -0.525889 -0.850553
16.775 1 0 -0.482721 -0.875774
16.825 1 0 -0.438348 -0.898805
16.875 1 0 -0.392878 -0.91959
16.925 1 0 -0.346427 -0.938077
16.975 1 0 -0.29911 -0.954219
17.025 1 0 -0.251045 -0.967975
17.075 1 0 -0.202353 -0.979313
17.125 1 0 -0.153154 -0.988202
17.175 1 0 -0.103574 -0.994622
17.225 1 0 -0.0537337 -0.998555
17.275 1 0 -0.00375959 -0.999993
17.325 1 0 0.0462239 -0.998931
17.375 1 0 0.0960919 -0.995372
17.425 1 0 0.14572 -0.989326
17.475 1 0 0.194983 -0.980807
17.525 1 0 0.24376 -0.969836
17.575 1 0 0.291926 -0.956441
17.625 1 0 0.339364 -0.940655
17.675 1 0 0.385953 -0.922519
17.725 1 0 0.431577 -0.902076
17.775 1 0 0.476123 -0.879379
17.825 1 0 0.519478 -0.854484
17.875 1 0 0.561536 -0.827453
17.925 1 0 0.602189 -0.798353
17.975 1 0 0.641338 -0.767259
18.025 1 0 0.678883 -0.734246
18.075 1 0 0.714732 -0.699399
18.125 1 0 0.748794 -0.662803
18.175 1 0 0.780984 -0.624551
18.225 1 0 0.811223 -0.584737
18.275 1 0 0.839434 -0.543462
18.325 1 0 0.865546 -0.500829
18.375 1 0 0.889496 -0.456943
18.425 1 0 0.911222 -0.411916
18.475 1 0 0.93067 -0.365859
18.525 1 0 0.947792 -0.318888
18.575 1 0 0.962546 -0.27112
18.625 1 0 0.974893 -0.222673
18.675 1 0 0.984804 -0.173671
18.725 1 0 0.992253 -0.124234
18.775 1 0 0.997222 -0.0744869
18.825 1 0 0.999699 -0.0245535
18.875 1 0 0.999676 0.0254413
18.925 1 0 0.997155 0.0753725
18.975 1 0 0.992142 0.125115
19.025 1 0 0.984649 0.174545
19.075 1 0 0.974695 0.223539
19.125 1 0 0.962305 0.271974
19.175 1 0 0.947509 0.31973
19.225 1 0 0.930345 0.366686
19.275 1 0 0.910856 0.412725
19.325 1 0 0.88909 0.457733
19.375 1 0 0.865101 0.501597
19.425 1 0 0.838951 0.544207
19.475 1 0 0.810703 0.585457
19.525 1 0 0.780429 0.625244
19.575 1 0 0.748205 0.663468
19.625 1 0 0.71411 0.700033
19.675 1 0 0.678231 0.734849
19.725 1 0 0.640656 0.767828
19.775 1 0 0.60148 0.798888
19.825 1 0 0.5608 0.827951
19.875 1 0 0.518719 0.854945
19.925 1 0 0.475342 0.879801
19.975 1 0 0.430776 0.902459
20.025 1 0 0.385133 0.922861
20.075 1 0 0.338528 0.940956
20.125 1 0 0.291077 0.9567
20.175 1 0 0.242898 0.970052
20.225 1 0 0.194112 0.980979
20.275 1 0 0.144841 0.989455
20.325 1 0 0.0952078 0.995457
20.375 1 0 0.0453367 0.998972
20.425 1 0 -0.00464773 0.999989
20.475 1 0 -0.0546206 0.998507
20.525 1 0 -0.104457 0.994529
20.575 1 0 -0.154032 0.988066
20.625 1 0 -0.203222 0.979133
20.675 1 0 -0.251905 0.967752
20.725 1 0 -0.299957 0.953953
20.775 1 0 -0.34726 0.937769
20.825 1 0 -0.393695 0.919241
20.875 1 0 -0.439146 0.898416
20.925 1 0 -0.483499 0.875345
20.975 1 0 -0.526644 0.850086
21.025 1 0 -0.568472 0.822702
21.075 1 0 -0.60888 0.793262
21.125 1 0 -0.647766 0.76184
21.175 1 0 -0.685032 0.728513
21.225 1 0 -0.720586 0.693365
21.275 1 0 -0.75434 0.656484
21.325 1 0 -0.786208 0.617963
21.375 1 0 -0.81611 0.577896
21.425 1 0 -0.843973 0.536386
21.475 1 0 -0.869726 0.493534
21.525 1 0 -0.893306 0.449449
21.575 1 0 -0.914653 0.404241
21.625 1 0 -0.933713 0.358022
21.675 1 0 -0.95044 0.310908
21.725 1 0 -0.964791 0.263018
21.775 1 0 -0.976731 0.214469
21.825 1 0 -0.986229 0.165385
21.875 1 0 -0.993262 0.115888
21.925 1 0 -0.997813 0.0661003
21.975 1 0 -0.99987 0.0161479
22.025 1 0 -0.999427 -0.033845
22.075 1 0 -0.996487 -0.0837532
22.125 1 0 -0.991055 -0.133452
22.175 1 0 -0.983147 -0.182817
22.225 1 0 -0.972781 -0.231726
22.275 1 0 -0.959984 -0.280055
22.325 1 0 -0.944787 -0.327684
22.375 1 0 -0.927229 -0.374494
22.425 1 0 -0.907353 -0.420369
22.475 1 0 -0.88521 -0.465192
22.525 1 0 -0.860854 -0.508853
22.575 1 0 -0.834346 -0.551241
22.625 1 0 -0.805752 -0.592252
22.675 1 0 -0.775145 -0.631783
22.725 1 0 -0.7426 -0.669735
22.775 1 0 -0.7082 -0.706012
22.825 1 0 -0.672029 -0.740525
22.875 1 0 -0.634178 -0.773187
22.925 1 0 -0.594742 -0.803917
22.975 1 0 -0.55382 -0.832637
23.025 1 0 -0.511513 -0.859275
23.075 1 0 -0.467928 -0.883767
23.125 1 0 -0.423173 -0.906049
23.175 1 0 -0.377361 -0.926066
23.225 1 0 -0.330605 -0.943769
23.275 1 0 -0.283023 -0.959113
23.325 1 0 -0.234734 -0.97206
23.375 1 0 -0.185858 -0.982577
23.425 1 0 -0.136517 -0.990638
23.475 1 0 -0.0868354 -0.996223
23.525 1 0 -0.0369365 -0.999318
23.575 1 0 0.0130547 -0.999915
23.625 1 0 0.0630133 -0.998013
23.675 1 0 0.112814 -0.993616
23.725 1 0 0.162334 -0.986736
23.775 1 0 0.211447 -0.977389
23.825 1 0 0.260032 -0.9656
23.875 1 0 0.307967 -0.951397
23.925 1 0 0.355132 -0.934816
23.975 1 0 0.401409 -0.915899
24.025 1 0 0.446684 -0.894692
24.075 1 0 0.490841 -0.871249
24.125 1 0 0.533772 -0.845628
24.175 1 0 0.575369 -0.817894
24.225 1 0 0.615527 -0.788115
24.275 1 0 0.654148 -0.756367
24.325 1 0 0.691133 -0.722728
24.375 1 0 0.72639 -0.687282
24.425 1 0 0.759832 -0.650119
24.475 1 0 0.791375 -0.611331
24.525 1 0 0.82094 -0.571015
24.575 1 0 0.848453 -0.529271
24.625 1 0 0.873845 -0.486205
24.675 1 0 0.897053 -0.441923
24.725 1 0 0.918019 -0.396537
24.775 1 0 0.93669 -0.350159
24.825 1 0 0.95302 -0.302907
24.875 1 0 0.966968 -0.254897
24.925 1 0 0.978499 -0.20625
24.975 1 0 0.987585 -0.157088
25.025 1 0 0.994202 -0.107533
25.075 1 0 0.998333 -0.0577091
25.125 1 0 0.99997 -0.00774115
25.175 1 0 0.999107 0.0422462
25.225 1 0 0.995747 0.0921279
25.275 1 0 0.989898 0.141779
25.325 1 0 0.981575 0.191077
25.375 1 0 0.970799 0.239896
25.425 1 0 0.957596 0.288116
25.475 1 0 0.941999 0.335616
25.525 1 0 0.924048 0.382277
25.575 1 0 0.903787 0.427982
25.625 1 0 0.881268 0.472618
25.675 1 0 0.856545 0.516072
25.725 1 0 0.829682 0.558237
25.775 1 0 0.800745 0.599006
25.825 1 0 0.769806 0.638278
25.875 1 0 0.736944 0.675954
25.925 1 0 0.702239 0.711941
25.975 1 0 0.665779 0.746149
26.025 1 0 0.627655 0.778491
26.075 1 0 0.587962 0.808888
26.125 1 0 0.5468 0.837263
26.175 1 0 0.504271 0.863545
26.225 1 0 0.460482 0.887669
26.275 1 0 0.415541 0.909574
26.325 1 0 0.369562 0.929206
26.375 1 0 0.322659 0.946515
26.425 1 0 0.27495 0.961459
26.475 1 0 0.226553 0.973999
26.525 1 0 0.177591 0.984104
26.575 1 0 0.128184 0.99175
26.625 1 0 0.0784568 0.996918
26.675 1 0 0.0285337 0.999593
26.725 1 0 -0.0214608 0.99977
26.775 1 0 -0.0714016 0.997448
26.825 1 0 -0.121164 0.992633
26.875 1 0 -0.170624 0.985336
26.925 1 0 -0.219657 0.975577
26.975 1 0 -0.268141 0.96338
27.025 1 0 -0.315954 0.948774
27.075 1 0 -0.362979 0.931798
27.125 1 0 -0.409095 0.912492
27.175 1 0 -0.45419 0.890905
27.225 1 0 -0.498149 0.867092
27.275 1 0 -0.540863 0.841111
27.325 1 0 -0.582225 0.813028
27.375 1 0 -0.622132 0.782913
27.425 1 0 -0.660483 0.750841
27.475 1 0 -0.697184 0.716892
27.525 1 0 -0.732143 0.681151
27.575 1 0 -0.765271 0.643708
27.625 1 0 -0.796487 0.604656
27.675 1 0 -0.825712 0.564093
27.725 1 0 -0.852873 0.522119
27.775 1 0 -0.877902 0.478841
27.825 1 0 -0.900737 0.434366
27.875 1 0 -0.92132 0.388805
27.925 1 0 -0.939601 0.342272
27.975 1 0 -0.955533 0.294884
28.025 1 0 -0.969077 0.246758
28.075 1 0 -0.980199 0.198016
28.125 1 0 -0.98887 0.148779
28.175 1 0 -0.99507 0.0991706
28.225 1 0 -0.998783 0.0493139
28.275 1 0 -1 -0.000666118
28.325 1 0 -0.998717 -0.0506444
28.375 1 0 -0.994937 -0.100496
28.425 1 0 -0.988671 -0.150097
28.475 1 0 -0.979934 -0.199322
28.525 1 0 -0.968747 -0.248049
28.575 1 0 -0.955139 -0.296157
28.625 1 0 -0.939144 -0.343523
28.675 1 0 -0.920801 -0.390032
28.725 1 0 -0.900157 -0.435565
28.775 1 0 -0.877263 -0.48001
28.825 1 0 -0.852176 -0.523255
28.875 1 0 -0.824959 -0.565192
28.925 1 0 -0.79568 -0.605717
28.975 1 0 -0.764413 -0.644727
29.025 1 0 -0.731235 -0.682126
29.075 1 0 -0.696229 -0.71782
29.125 1 0 -0.659483 -0.75172
29.175 1 0 -0.621088 -0.783741
29.225 1 0 -0.581141 -0.813803
29.275 1 0 -0.539742 -0.841831
29.325 1 0 -0.496993 -0.867754
29.375 1 0 -0.453002 -0.891509
29.425 1 0 -0.407879 -0.913036
29.475 1 0 -0.361737 -0.93228
29.525 1 0 -0.31469 -0.949194
29.575 1 0 -0.266857 -0.963736
29.625 1 0 -0.218357 -0.975869
29.675 1 0 -0.169311 -0.985563
29.725 1 0 -0.119841 -0.992793
29.775 1 0 -0.0700727 -0.997542
29.825 1 0 -0.0201288 -0.999797
29.875 1 0 0.0298653 -0.999554
29.925 1 0 0.0797849 -0.996812
29.975 1 0 0.129505 -0.991579
30.025 1 0 0.178901 -0.983867
30.075 1 0 0.227851 -0.973696
30.125 1 0 0.276231 -0.961091
30.175 1 0 0.32392 -0.946085
30.225 1 0 0.3708 -0.928713
30.275 1 0 0.416752 -0.90902
30.325 1 0 0.461664 -0.887055
30.375 1 0 0.505421 -0.862873
30.425 1 0 0.547915 -0.836534
30.475 1 0 0.58904 -0.808104
30.525 1 0 0.628692 -0.777655
30.575 1 0 0.666773 -0.745261
30.625 1 0 0.703187 -0.711005
30.675 1 0 0.737843 -0.674972
30.725 1 0 0.770656 -0.637251
30.775 1 0 0.801542 -0.597938
30.825 1 0 0.830425 -0.557131
30.875 1 0 0.857232 -0.51493
30.925 1 0 0.881896 -0.471443
30.975 1 0 0.904357 -0.426778
31.025 1 0 0.924556 -0.381045
31.075 1 0 0.942445 -0.33436
31.125 1 0 0.957979 -0.28684
31.175 1 0 0.971117 -0.238603
31.225 1 0 0.981829 -0.189769
31.275 1 0 0.990086 -0.140461
31.325 1 0 0.995869 -0.0908013
31.375 1 0 0.999163 -0.0409151
31.425 1 0 0.999959 0.00907334
31.475 1 0 0.998256 0.0590391
31.525 1 0 0.994057 0.108857
31.575 1 0 0.987374 0.158403
31.625 1 0 0.978224 0.207554
31.675 1 0 0.966628 0.256185
31.725 1 0 0.952616 0.304176
31.775 1 0 0.936223 0.351407
31.825 1 0 0.91749 0.397759
31.875 1 0 0.896463 0.443118
31.925 1 0 0.873196 0.487368
31.975 1 0 0.847747 0.530401
32.025 1 0 0.820178 0.572108
32.075 1 0 0.79056 0.612385
32.125 1 0 0.758965 0.651131
32.175 1 0 0.725474 0.68825
32.225 1 0 0.690169 0.723648
32.275 1 0 0.653139 0.757238
32.325 1 0 0.614477 0.788935
32.375 1 0 0.574279 0.81866
32.425 1 0 0.532645 0.846339
32.475 1 0 0.48968 0.871902
32.525 1 0 0.445491 0.895286
32.575 1 0 0.400189 0.916433
32.625 1 0 0.353886 0.935289
32.675 1 0 0.306699 0.951807
32.725 1 0 0.258745 0.965946
32.775 1 0 0.210145 0.97767
32.825 1 0 0.161019 0.986951
32.875 1 0 0.111491 0.993765
32.925 1 0 0.0616837 0.998096
32.975 1 0 0.0117226 0.999931
33.025 1 0 -0.0382678 0.999268
33.075 1 0 -0.0881625 0.996106
33.125 1 0 -0.137837 0.990455
33.175 1 0 -0.187167 0.982328
33.225 1 0 -0.236029 0.971746
33.275 1 0 -0.284301 0.958735
33.325 1 0 -0.331862 0.943328
33.375 1 0 -0.378594 0.925563
33.425 1 0 -0.42438 0.905484
33.475 1 0 -0.469105 0.883142
33.525 1 0 -0.512658 0.858593
33.575 1 0 -0.554929 0.831898
33.625 1 0 -0.595813 0.803123
33.675 1 0 -0.635207 0.772342
33.725 1 0 -0.673015 0.739629
33.775 1 0 -0.70914 0.705068
33.825 1 0 -0.743492 0.668745
33.875 1 0 -0.775986 0.63075
33.925 1 0 -0.806541 0.591178
33.975 1 0 -0.835079 0.550129
34.025 1 0 -0.861531 0.507705
34.075 1 0 -0.885829 0.464012
34.125 1 0 -0.907913 0.419159
34.175 1 0 -0.927727 0.373259
34.225 1 0 -0.945223 0.326425
34.275 1 0 -0.960356 0.278776
34.325 1 0 -0.973089 0.23043
34.375 1 0 -0.98339 0.181507
34.425 1 0 -0.991232 0.132132
34.475 1 0 -0.996597 0.0824256
34.525 1 0 -0.999471 0.0325135
34.575 1 0 -0.999847 -0.0174799
34.625 1 0 -0.997724 -0.0674296
34.675 1 0 -0.993107 -0.117211
34.725 1 0 -0.986008 -0.166699
34.775 1 0 -0.976444 -0.21577
34.825 1 0 -0.96444 -0.264303
34.875 1 0 -0.950025 -0.312174
34.925 1 0 -0.933235 -0.359266
34.975 1 0 -0.914113 -0.405459
35.025 1 0 -0.892706 -0.450639
35.075 1 0 -0.869068 -0.494692
35.125 1 0 -0.843258 -0.537509
35.175 1 0 -0.81534 -0.578983
35.225 1 0 -0.785384 -0.619009
35.275 1 0 -0.753464 -0.657489
35.325 1 0 -0.719662 -0.694324
35.375 1 0 -0.684061 -0.729425
35.425 1 0 -0.64675 -0.762702
35.475 1 0 -0.607823 -0.794073
35.525 1 0 -0.567376 -0.823459
35.575 1 0 -0.525511 -0.850787
35.625 1 0 -0.482333 -0.875988
35.675 1 0 -0.437949 -0.899
35.725 1 0 -0.39247 -0.919765
35.775 1 0 -0.34601 -0.938231
35.825 1 0 -0.298686 -0.954351
35.875 1 0 -0.250615 -0.968087
35.925 1 0 -0.201918 -0.979403
35.975 1 0 -0.152716 -0.98827
36.025 1 0 -0.103132 -0.994668
36.075 1 0 -0.0532903 -0.998579
36.125 1 0 -0.00331551 -0.999995
36.175 1 0 0.0466675 -0.99891
36.225 1 0 0.0965339 -0.99533
36.275 1 0 0.146159 -0.989261
36.325 1 0 0.195419 -0.98072
36.375 1 0 0.24419 -0.969727
36.425 1 0 0.292351 -0.956311
36.475 1 0 0.339781 -0.940504
36.525 1 0 0.386362 -0.922347
36.575 1 0 0.431978 -0.901884
36.625 1 0 0.476513 -0.879167
36.675 1 0 0.519858 -0.854253
36.725 1 0 0.561903 -0.827203
36.775 1 0 0.602544 -0.798086
36.825 1 0 0.641678 -0.766974
36.875 1 0 0.679209 -0.733945
36.925 1 0 0.715042 -0.699081
36.975 1 0 0.749088 -0.66247
37.025 1 0 0.781262 -0.624204
37.075 1 0 0.811482 -0.584377
37.125 1 0 0.839675 -0.543089
37.175 1 0 0.865769 -0.500444
37.225 1 0 0.889699 -0.456548
37.275 1 0 0.911405 -0.411511
37.325 1 0 0.930833 -0.365446
37.375 1 0 0.947934 -0.318467
37.425 1 0 0.962666 -0.270692
37.475 1 0 0.974992 -0.222241
37.525 1 0 0.984881 -0.173233
37.575 1 0 0.992308 -0.123793
37.625 1 0 0.997255 -0.074044
37.675 1 0 0.999709 -0.0241095
37.725 1 0 0.999665 0.0258853
37.775 1 0 0.997122 0.0758153
37.825 1 0 0.992087 0.125556
37.875 1 0 0.984572 0.174983
37.925 1 0 0.974596 0.223972
37.975 1 0 0.962184 0.272402
38.025 1 0 0.947367 0.32015
38.075 1 0 0.930182 0.367099
38.125 1 0 0.910672 0.41313
38.175 1 0 0.888886 0.458128
38.225 1 0 0.864878 0.501981
38.275 1 0 0.838709 0.54458
38.325 1 0 0.810443 0.585817
38.375 1 0 0.780152 0.62559
38.425 1 0 0.74791 0.6638
38.475 1 0 0.713799 0.70035
38.525 1 0 0.677904 0.73515
38.575 1 0 0.640315 0.768113
38.625 1 0 0.601125 0.799155
38.675 1 0 0.560433 0.8282
38.725 1 0 0.51834 0.855175
38.775 1 0 0.474951 0.880012
38.825 1 0 0.430375 0.90265
38.875 1 0 0.384723 0.923032
38.925 1 0 0.33811 0.941107
38.975 1 0 0.290652 0.956829
39.025 1 0 0.242467 0.97016
39.075 1 0 0.193676 0.981065
39.125 1 0 0.144402 0.989519
39.175 1 0 0.0947658 0.9955
39.225 1 0 0.0448931 0.998992
39.275 1 0 -0.00509181 0.999987
39.325 1 0 -0.055064 0.998483
39.375 1 0 -0.104898 0.994483
39.425 1 0 -0.154471 0.987997
39.475 1 0 -0.203657 0.979042
39.525 1 0 -0.252334 0.96764
39.575 1 0 -0.300381 0.953819
39.625 1 0 -0.347676 0.937615
39.675 1 0 -0.394103 0.919066
39.725 1 0 -0.439545 0.898221
39.775 1 0 -0.483888 0.87513
39.825 1 0 -0.527021 0.849852
39.875 1 0 -0.568838 0.82245
39.925 1 0 -0.609232 0.792992
39.975 1 0 -0.648104 0.761552
40.025 1 0 -0.685356 0.728209
40.075 1 0 -0.720894 0.693045
40.125 1 0 -0.754631 0.656149
40.175 1 0 -0.786482 0.617613
40.225 1 0 -0.816367 0.577534
40.275 1 0 -0.844211 0.536011
40.325 1 0 -0.869946 0.493148
40.375 1 0 -0.893505 0.449052
40.425 1 0 -0.914832 0.403835
40.475 1 0 -0.933872 0.357607
40.525 1 0 -0.950578 0.310486
40.575 1 0 -0.964908 0.262589
40.625 1 0 -0.976826 0.214036
40.675 1 0 -0.986302 0.164947
40.725 1 0 -0.993314 0.115447
40.775 1 0 -0.997842 0.0656572
40.825 1 0 -0.999877 0.0157039
40.875 1 0 -0.999412 -0.0342888
40.925 1 0 -0.996449 -0.0841957
40.975 1 0 -0.990996 -0.133892
41.025 1 0 -0.983066 -0.183254
41.075 1 0 -0.972678 -0.232158
41.125 1 0 -0.959859 -0.280481
41.175 1 0 -0.944642 -0.328104
41.225 1 0 -0.927063 -0.374906
41.275 1 0 -0.907167 -0.420771
41.325 1 0 -0.885003 -0.465585
41.375 1 0 -0.860628 -0.509235
41.425 1 0 -0.834101 -0.551612
41.475 1 0 -0.805489 -0.59261
41.525 1 0 -0.774865 -0.632127
41.575 1 0 -0.742303 -0.670064
41.625 1 0 -0.707886 -0.706327
41.675 1 0 -0.6717 -0.740823
41.725 1 0 -0.633835 -0.773469
41.775 1 0 -0.594385 -0.804181
41.825 1 0 -0.55345 -0.832882
41.875 1 0 -0.511132 -0.859502
41.925 1 0 -0.467536 -0.883974
41.975 1 0 -0.422771 -0.906237
42.025 1 0 -0.37695 -0.926234
42.075 1 0 -0.330186 -0.943916
42.125 1 0 -0.282597 -0.959239
42.175 1 0 -0.234302 -0.972164
42.225 1 0 -0.185422 -0.982659
42.275 1 0 -0.136077 -0.990698
42.325 1 0 -0.086393 -0.996261
42.375 1 0 -0.0364927 -0.999334
42.425 1 0 0.0134988 -0.999909
42.475 1 0 0.0634565 -0.997985
42.525 1 0 0.113256 -0.993566
42.575 1 0 0.162772 -0.986664
42.625 1 0 0.211881 -0.977295
42.675 1 0 0.260461 -0.965484
42.725 1 0 0.308389 -0.95126
42.775 1 0 0.355547 -0.934658
42.825 1 0 0.401816 -0.91572
42.875 1 0 0.447081 -0.894494
42.925 1 0 0.491228 -0.871031
42.975 1 0 0.534148 -0.845391
43.025 1 0 0.575732 -0.817638
43.075 1 0 0.615877 -0.787842
43.125 1 0 0.654483 -0.756076
43.175 1 0 0.691454 -0.722421
43.225 1 0 0.726695 -0.68696
43.275 1 0 0.760121 -0.649782
43.325 1 0 0.791647 -0.610979
43.375 1 0 0.821193 -0.57065
43.425 1 0 0.848688 -0.528894
43.475 1 0 0.874061 -0.485817
43.525 1 0 0.897249 -0.441525
43.575 1 0 0.918195 -0.396129
43.625 1 0 0.936846 -0.349743
43.675 1 0 0.953155 -0.302484
43.725 1 0 0.967081 -0.254468
43.775 1 0 0.978591 -0.205816
43.825 1 0 0.987654 -0.156649
43.875 1 0 0.994249 -0.107091
43.925 1 0 0.998359 -0.0572658
43.975 1 0 0.999973 -0.00729709
44.025 1 0 0.999088 0.0426899
44.075 1 0 0.995706 0.0925701
44.125 1 0 0.989835 0.142219
44.175 1 0 0.98149 0.191512
44.225 1 0 0.970692 0.240327
44.275 1 0 0.957467 0.288541
44.325 1 0 0.94185 0.336034
44.375 1 0 0.923878 0.382687
44.425 1 0 0.903597 0.428383
44.475 1 0 0.881058 0.473009
44.525 1 0 0.856316 0.516452
44.575 1 0 0.829434 0.558605
44.625 1 0 0.800479 0.599361
44.675 1 0 0.769523 0.638619
44.725 1 0 0.736643 0.676281
44.775 1 0 0.701923 0.712253
44.825 1 0 0.665448 0.746444
44.875 1 0 0.627309 0.77877
44.925 1 0 0.587603 0.809149
44.975 1 0 0.546428 0.837506
45.025 1 0 0.503887 0.863769
45.075 1 0 0.460087 0.887874
45.125 1 0 0.415137 0.909759
45.175 1 0 0.369149 0.92937
45.225 1 0 0.322239 0.946658
45.275 1 0 0.274523 0.961581
45.325 1 0 0.226121 0.974099
45.375 1 0 0.177154 0.984183
45.425 1 0 0.127743 0.991807
45.475 1 0 0.0780141 0.996952
45.525 1 0 0.0280898 0.999605
45.575 1 0 -0.0219048 0.99976
45.625 1 0 -0.0718446 0.997416
45.675 1 0 -0.121605 0.992579
45.725 1 0 -0.171061 0.98526
45.775 1 0 -0.22009 0.97548
45.825 1 0 -0.268568 0.963261
45.875 1 0 -0.316376 0.948634
45.925 1 0 -0.363392 0.931636
45.975 1 0 -0.409501 0.91231
46.025 1 0 -0.454585 0.890703
46.075 1 0 -0.498534 0.86687
46.125 1 0 -0.541236 0.840871
46.175 1 0 -0.582586 0.812769
46.225 1 0 -0.622479 0.782636
46.275 1 0 -0.660817 0.750547
46.325 1 0 -0.697503 0.716582
46.375 1 0 -0.732445 0.680826
46.425 1 0 -0.765557 0.643368
46.475 1 0 -0.796755 0.604302
46.525 1 0 -0.825962 0.563726
46.575 1 0 -0.853104 0.52174
46.625 1 0 -0.878114 0.478451
46.675 1 0 -0.900929 0.433966
46.725 1 0 -0.921493 0.388396
46.775 1 0 -0.939753 0.341855
46.825 1 0 -0.955664 0.294459
46.875 1 0 -0.969186 0.246328
46.925 1 0 -0.980287 0.197581
46.975 1 0 -0.988936 0.14834
47.025 1 0 -0.995114 0.0987287
47.075 1 0 -0.998805 0.0488703
47.125 1 0 -0.999999 -0.0011102
47.175 1 0 -0.998694 -0.0510879
47.225 1 0 -0.994893 -0.100938
47.275 1 0 -0.988605 -0.150536
47.325 1 0 -0.979845 -0.199757
47.375 1 0 -0.968637 -0.248479
47.425 1 0 -0.955008 -0.296581
47.475 1 0 -0.938991 -0.34394
47.525 1 0 -0.920628 -0.390441
47.575 1 0 -0.899964 -0.435965
47.625 1 0 -0.87705 -0.4804
47.675 1 0 -0.851944 -0.523633
47.725 1 0 -0.824708 -0.565558
47.775 1 0 -0.795411 -0.60607
47.825 1 0 -0.764127 -0.645066
47.875 1 0 -0.730932 -0.682451
47.925 1 0 -0.69591 -0.718129
47.975 1 0 -0.659149 -0.752013
48.025 1 0 -0.62074 -0.784017
48.075 1 0 -0.58078 -0.814061
48.125 1 0 -0.539368 -0.84207
48.175 1 0 -0.496608 -0.867975
48.225 1 0 -0.452606 -0.89171
48.275 1 0 -0.407474 -0.913217
48.325 1 0 -0.361323 -0.932441
48.375 1 0 -0.314269 -0.949334
48.425 1 0 -0.266429 -0.963855
48.475 1 0 -0.217923 -0.975966
48.525 1 0 -0.168873 -0.985638
48.575 1 0 -0.119401 -0.992846
48.625 1 0 -0.0696297 -0.997573
48.675 1 0 -0.0196849 -0.999806
48.725 1 0 0.0303092 -0.999541
48.775 1 0 0.0802276 -0.996777
48.825 1 0 0.129945 -0.991521
48.875 1 0 0.179338 -0.983787
48.925 1 0 0.228283 -0.973595
48.975 1 0 0.276657 -0.960969
49.025 1 0 0.32434 -0.945941
49.075 1 0 0.371212 -0.928548
49.125 1 0 0.417156 -0.908835
49.175 1 0 0.462058 -0.88685
49.225 1 0 0.505804 -0.862648
49.275 1 0 0.548286 -0.836291
49.325 1 0 0.589398 -0.807843
49.375 1 0 0.629037 -0.777375
49.425 1 0 0.667103 -0.744965
49.475 1 0 0.703503 -0.710693
49.525 1 0 0.738143 -0.674644
49.575 1 0 0.770939 -0.636909
49.625 1 0 0.801808 -0.597582
49.675 1 0 0.830672 -0.556762
49.725 1 0 0.857461 -0.51455
49.775 1 0 0.882106 -0.471052
49.825 1 0 0.904546 -0.426376
49.875 1 0 0.924726 -0.380635
49.925 1 0 0.942594 -0.333942
49.975 1 0 0.958106 -0.286415
50.025 1 0 0.971223 -0.238171
50.075 1 0 0.981913 -0.189333
50.125 1 0 0.990149 -0.140021
50.175 1 0 0.995909 -0.090359
50.225 1 0 0.999181 -0.0404714
50.275 1 0 0.999955 0.0095174
50.325 1 0 0.998229 0.0594824
50.375 1 0 0.994009 0.109299
50.425 1 0 0.987304 0.158842
50.475 1 0 0.978131 0.207988
50.525 1 0 0.966514 0.256614
50.575 1 0 0.952481 0.304599
50.625 1 0 0.936067 0.351823
50.675 1 0 0.917313 0.398167
50.725 1 0 0.896267 0.443516
50.775 1 0 0.87298 0.487756
50.825 1 0 0.847511 0.530777
50.875 1 0 0.819924 0.572472
50.925 1 0 0.790288 0.612736
50.975 1 0 0.758676 0.651468
51.025 1 0 0.725168 0.688572
51.075 1 0 0.689848 0.723954
51.125 1 0 0.652803 0.757528
51.175 1 0 0.614127 0.789208
51.225 1 0 0.573915 0.818915
51.275 1 0 0.532269 0.846575
51.325 1 0 0.489293 0.87212
51.375 1 0 0.445094 0.895484
51.425 1 0 0.399782 0.91661
51.475 1 0 0.353471 0.935446
51.525 1 0 0.306276 0.951943
51.575 1 0 0.258316 0.96606
51.625 1 0 0.20971 0.977764
51.675 1 0 0.160581 0.987023
51.725 1 0 0.111049 0.993815
51.775 1 0 0.0612404 0.998123
51.825 1 0 0.0112785 0.999936
51.875 1 0 -0.0387115 0.99925
51.925 1 0 -0.0886049 0.996067
51.975 1 0 -0.138277 0.990394
52.025 1 0 -0.187603 0.982245
52.075 1 0 -0.23646 0.971641
52.125 1 0 -0.284727 0.958609
52.175 1 0 -0.332281 0.94318
52.225 1 0 -0.379005 0.925394
52.275 1 0 -0.424782 0.905296
52.325 1 0 -0.469497 0.882934
52.375 1 0 -0.513039 0.858365
52.425 1 0 -0.555298 0.831651
52.475 1 0 -0.596169 0.802859
52.525 1 0 -0.63555 0.772059
52.575 1 0 -0.673343 0.73933
52.625 1 0 -0.709453 0.704753
52.675 1 0 -0.743789 0.668415
52.725 1 0 -0.776266 0.630405
52.775 1 0 -0.806803 0.59082
52.825 1 0 -0.835324 0.549759
52.875 1 0 -0.861756 0.507323
52.925 1 0 -0.886035 0.463619
52.975 1 0 -0.908099 0.418756
53.025 1 0 -0.927893 0.372847
53.075 1 0 -0.945368 0.326005
53.125 1 0 -0.96048 0.278349
53.175 1 0 -0.973191 0.229997
53.225 1 0 -0.98347 0.181071
53.275 1 0 -0.991291 0.131691
53.325 1 0 -0.996634 0.081983
53.375 1 0 -0.999486 0.0320696
53.425 1 0 -0.999839 -0.0179239
53.475 1 0 -0.997694 -0.0678727
53.525 1 0 -0.993055 -0.117652
53.575 1 0 -0.985934 -0.167137
53.625 1 0 -0.976348 -0.216204
53.675 1 0 -0.964322 -0.264731
53.725 1 0 -0.949886 -0.312596
53.775 1 0 -0.933076 -0.35968
53.825 1 0 -0.913933 -0.405865
53.875 1 0 -0.892506 -0.451035
53.925 1 0 -0.868848 -0.495078
53.975 1 0 -0.843019 -0.537884
54.025 1 0 -0.815082 -0.579345
54.075 1 0 -0.785109 -0.619358
54.125 1 0 -0.753172 -0.657823
54.175 1 0 -0.719354 -0.694644
54.225 1 0 -0.683737 -0.729729
54.275 1 0 -0.646411 -0.762989
54.325 1 0 -0.60747 -0.794343
54.375 1 0 -0.56701 -0.823711
54.425 1 0 -0.525133 -0.85102
54.475 1 0 -0.481943 -0.876202
54.525 1 0 -0.437549 -0.899194
54.575 1 0 -0.392062 -0.919939
54.625 1 0 -0.345594 -0.938384
54.675 1 0 -0.298262 -0.954484
54.725 1 0 -0.250185 -0.968198
54.775 1 0 -0.201483 -0.979492
54.825 1 0 -0.152277 -0.988338
54.875 1 0 -0.10269 -0.994713
54.925 1 0 -0.0528468 -0.998603
54.975 1 0 -0.00287143 -0.999996
55.025 1 0 0.0471111 -0.99889
55.075 1 0 0.0969759 -0.995287
55.125 1 0 0.146598 -0.989196
55.175 1 0 0.195854 -0.980633
55.225 1 0 0.244621 -0.969619
55.275 1 0 0.292776 -0.956181
55.325 1 0 0.340199 -0.940353
55.375 1 0 0.386772 -0.922175
55.425 1 0 0.432378 -0.901692
55.475 1 0 0.476904 -0.878956
55.525 1 0 0.520237 -0.854022
55.575 1 0 0.56227 -0.826954
55.625 1 0 0.602898 -0.797818
55.675 1 0 0.642019 -0.766689
55.725 1 0 0.679535 -0.733643
55.775 1 0 0.715353 -0.698764
55.825 1 0 0.749382 -0.662138
55.875 1 0 0.781539 -0.623857
55.925 1 0 0.811742 -0.584016
55.975 1 0 0.839916 -0.542716
56.025 1 0 0.865991 -0.50006
56.075 1 0 0.889901 -0.456153
56.125 1 0 0.911587 -0.411107
56.175 1 0 0.930995 -0.365033
56.225 1 0 0.948075 -0.318046
56.275 1 0 0.962786 -0.270265
56.325 1 0 0.97509 -0.221808
56.375 1 0 0.984958 -0.172796
56.425 1 0 0.992363 -0.123353
56.475 1 0 0.997288 -0.0736012
56.525 1 0 0.99972 -0.0236656
56.575 1 0 0.999653 0.0263292
56.625 1 0 0.997088 0.0762581
56.675 1 0 0.992031 0.125996
56.725 1 0 0.984494 0.17542
56.775 1 0 0.974496 0.224405
56.825 1 0 0.962063 0.272829
56.875 1 0 0.947224 0.320571
56.925 1 0 0.930019 0.367512
56.975 1 0 0.910489 0.413534
57.025 1 0 0.888683 0.458523
57.075 1 0 0.864655 0.502365
57.125 1 0 0.838467 0.544952
57.175 1 0 0.810183 0.586177
57.225 1 0 0.779874 0.625937
57.275 1 0 0.747615 0.664132
57.325 1 0 0.713488 0.700667
57.375 1 0 0.677578 0.735451
57.425 1 0 0.639974 0.768397
57.475 1 0 0.60077 0.799422
57.525 1 0 0.560065 0.828449
57.575 1 0 0.51796 0.855405
57.625 1 0 0.47456 0.880223
57.675 1 0 0.429974 0.902841
57.725 1 0 0.384313 0.923203
57.775 1 0 0.337692 0.941257
57.825 1 0 0.290227 0.956958
57.875 1 0 0.242036 0.970267
57.925 1 0 0.193241 0.981151
57.975 1 0 0.143962 0.989583
58.025 1 0 0.0943237 0.995542
58.075 1 0 0.0444494 0.999012
58.125 1 0 -0.00553588 0.999985
58.175 1 0 -0.0555074 0.998458
58.225 1 0 -0.10534 0.994436
58.275 1 0 -0.15491 0.987929
58.325 1 0 -0.204092 0.978952
58.375 1 0 -0.252764 0.967528
58.425 1 0 -0.300804 0.953686
58.475 1 0 -0.348093 0.93746
58.525 1 0 -0.394511 0.918891
58.575 1 0 -0.439944 0.898025
58.625 1 0 -0.484276 0.874915
58.675 1 0 -0.527399 0.849618
58.725 1 0 -0.569203 0.822197
58.775 1 0 -0.609584 0.792721
58.825 1 0 -0.648442 0.761264
58.875 1 0 -0.685679 0.727904
58.925 1 0 -0.721202 0.692725
58.975 1 0 -0.754922 0.655814
59.025 1 0 -0.786756 0.617264
59.075 1 0 -0.816623 0.577171
59.125 1 0 -0.844449 0.535636
59.175 1 0 -0.870164 0.492761
59.225 1 0 -0.893705 0.448656
59.275 1 0 -0.915011 0.403428
59.325 1 0 -0.934031 0.357193
59.375 1 0 -0.950716 0.310064
59.425 1 0 -0.965024 0.262161
59.475 1 0 -0.976921 0.213602
59.525 1 0 -0.986376 0.164509
59.575 1 0 -0.993365 0.115005
59.625 1 0 -0.997871 0.0652141
59.675 1 0 -0.999884 0.0152598
59.725 1 0 -0.999397 -0.0347326
59.775 1 0 -0.996412 -0.0846382
59.825 1 0 -0.990936 -0.134332
59.875 1 0 -0.982984 -0.183691
59.925 1 0 -0.972575 -0.23259
59.975 1 0 -0.959735 -0.280908
60.025 1 0 -0.944496 -0.328523
60.075 1 0 -0.926896 -0.375318
60.125 1 0 -0.90698 -0.421174
60.175 1 0 -0.884796 -0.465978
60.225 1 0 -0.860401 -0.509617
60.275 1 0 -0.833856 -0.551982
60.325 1 0 -0.805226 -0.592968
60.375 1 0 -0.774584 -0.632471
60.425 1 0 -0.742005 -0.670394
60.475 1 0 -0.707572 -0.706641
60.525 1 0 -0.671371 -0.741122
60.575 1 0 -0.633491 -0.77375
60.625 1 0 -0.594028 -0.804444
60.675 1 0 -0.55308 -0.833128
60.725 1 0 -0.51075 -0.859729
60.775 1 0 -0.467143 -0.884182
60.825 1 0 -0.422368 -0.906424
60.875 1 0 -0.376538 -0.926401
60.925 1 0 -0.329767 -0.944062
60.975 1 0 -0.282171 -0.959364
61.025 1 0 -0.233871 -0.972268
61.075 1 0 -0.184985 -0.982741
61.125 1 0 -0.135637 -0.990759
61.175 1 0 -0.0859506 -0.996299
61.225 1 0 -0.0360489 -0.99935
61.275 1 0 0.0139428 -0.999903
61.325 1 0 0.0638997 -0.997956
61.375 1 0 0.113697 -0.993515
61.425 1 0 0.16321 -0.986591
61.475 1 0 0.212315 -0.977201
61.525 1 0 0.260889 -0.965369
61.575 1 0 0.308812 -0.951123
61.625 1 0 0.355962 -0.9345
61.675 1 0 0.402223 -0.915542
61.725 1 0 0.447478 -0.894295
61.775 1 0 0.491615 -0.870813
61.825 1 0 0.534523 -0.845154
61.875 1 0 0.576095 -0.817383
61.925 1 0 0.616227 -0.787568
61.975 1 0 0.654819 -0.755786
62.025 1 0 0.691774 -0.722114
62.075 1 0 0.727 -0.686637
62.125 1 0 0.760409 -0.649444
62.175 1 0 0.791918 -0.610628
62.225 1 0 0.821447 -0.570285
62.275 1 0 0.848923 -0.528517
62.325 1 0 0.874276 -0.485428
62.375 1 0 0.897445 -0.441126
62.425 1 0 0.918371 -0.395721
62.475 1 0 0.937001 -0.349327
62.525 1 0 0.953289 -0.30206
62.575 1 0 0.967194 -0.254038
62.625 1 0 0.978682 -0.205381
62.675 1 0 0.987724 -0.156211
62.725 1 0 0.994297 -0.10665
62.775 1 0 0.998384 -0.0568224
62.825 1 0 0.999977 -0.00685302
62.8319 1 0 1 -2.44929e-15
