# t theta omega
0 3.04159 0
0.125 3.03769 -0.0614209
0.24725 3.02642 -0.12428
0.349964 3.01079 -0.182644
0.434845 2.9931 -0.236836
0.510334 2.97329 -0.291057
0.576679 2.95229 -0.344532
0.635501 2.93055 -0.397363
0.68839 2.90821 -0.449888
0.736589 2.88531 -0.502438
0.783186 2.86066 -0.557968
0.82524 2.83609 -0.61249
0.865878 2.81008 -0.669509
0.904787 2.78293 -0.72843
0.941876 2.75483 -0.78884
0.977182 2.72593 -0.850471
1.01081 2.6963 -0.913161
1.04291 2.666 -0.976823
1.07362 2.63504 -1.04143
1.10309 2.60341 -1.10697
1.13145 2.57109 -1.17349
1.15884 2.53805 -1.24104
1.18538 2.50423 -1.30966
1.21116 2.46958 -1.37945
1.23629 2.43405 -1.45048
1.26085 2.39754 -1.52284
1.28494 2.35999 -1.59664
1.30864 2.32128 -1.67199
1.33202 2.2813 -1.74903
1.35516 2.23993 -1.82791
1.37814 2.19701 -1.90878
1.40104 2.15235 -1.99185
1.42395 2.10575 -2.07734
1.44696 2.05695 -2.16549
1.47017 2.00564 -2.25659
1.4937 1.95146 -2.351
1.51766 1.89396 -2.44908
1.54221 1.83259 -2.55124
1.5675 1.76673 -2.65792
1.59369 1.69566 -2.76941
1.6209 1.61874 -2.88568
1.64909 1.53568 -3.00589
1.67797 1.4471 -3.1277
1.70687 1.35498 -3.24709
1.73334 1.26758 -3.35321
1.7574 1.18576 -3.44603
1.77931 1.10936 -3.52683
1.80046 1.03396 -3.60085
1.81945 0.964961 -3.66349
1.83778 0.897279 -3.72011
1.85533 0.831527 -3.77044
1.8721 0.767919 -3.81468
1.88813 0.706437 -3.8532
1.90351 0.646938 -3.88646
1.9183 0.589231 -3.9149
1.93258 0.533113 -3.93889
1.94644 0.478391 -3.95878
1.95992 0.424886 -3.97483
1.9731 0.372442 -3.98729
1.986 0.320921 -3.99633
1.99868 0.270203 -4.00212
2.01117 0.220183 -4.00478
2.02351 0.17077 -4.0044
2.03572 0.121884 -4.00109
2.04783 0.0734531 -3.99488
2.05987 0.0254125 -3.98584
2.07185 -0.0222954 -3.97401
2.08381 -0.0697239 -3.9594
2.09575 -0.116922 -3.94203
2.10771 -0.163936 -3.92191
2.11969 -0.21081 -3.89902
2.13172 -0.257584 -3.87336
2.14383 -0.3043 -3.8449
2.15602 -0.350996 -3.8136
2.16832 -0.39771 -3.77943
2.18076 -0.444482 -3.74231
2.19335 -0.491349 -3.7022
2.20611 -0.53835 -3.65901
2.21909 -0.585525 -3.61264
2.23229 -0.632912 -3.56301
2.24576 -0.680552 -3.50997
2.25953 -0.728486 -3.4534
2.27362 -0.776755 -3.39314
2.28809 -0.825399 -3.32901
2.30298 -0.874457 -3.26082
2.31833 -0.923964 -3.18835
2.3342 -0.973946 -3.11136
2.35063 -1.02442 -3.02962
2.36769 -1.07537 -2.94288
2.38543 -1.12676 -2.85093
2.40389 -1.1785 -2.75362
2.4231 -1.23043 -2.65093
2.44307 -1.28228 -2.54303
2.46374 -1.33368 -2.43036
2.48502 -1.38416 -2.31371
2.50676 -1.43317 -2.19416
2.52878 -1.48016 -2.07301
2.55089 -1.52465 -1.95158
2.57292 -1.56632 -1.83104
2.59475 -1.60498 -1.71226
2.61629 -1.6406 -1.59581
2.6375 -1.67324 -1.48198
2.65839 -1.70304 -1.3708
2.67898 -1.73014 -1.26218
2.69931 -1.75471 -1.15591
2.71942 -1.7769 -1.05173
2.73936 -1.79685 -0.949381
2.75917 -1.81466 -0.848575
2.77892 -1.83042 -0.749044
2.79863 -1.84421 -0.650533
2.81835 -1.85607 -0.552807
2.83811 -1.86603 -0.455647
2.85795 -1.87411 -0.358855
2.87789 -1.8803 -0.262251
2.89796 -1.88459 -0.165675
2.91818 -1.88696 -0.0689853
2.93856 -1.88738 0.0279411
2.95911 -1.8858 0.125209
2.97984 -1.88219 0.222903
3.00076 -1.8765 0.321094
3.02185 -1.86868 0.419834
3.04313 -1.85869 0.519162
3.06457 -1.84648 0.619107
3.08619 -1.83201 0.719687
3.10797 -1.81523 0.820917
3.12991 -1.7961 0.922811
3.15201 -1.77458 1.02538
3.17427 -1.7506 1.12863
3.1967 -1.72413 1.23257
3.21929 -1.69509 1.3372
3.24207 -1.66343 1.4425
3.26504 -1.62909 1.54841
3.28819 -1.592 1.65483
3.31153 -1.55212 1.76157
3.33504 -1.50946 1.86833
3.35866 -1.46407 1.97467
3.38232 -1.41608 2.08
3.40593 -1.36576 2.18354
3.42934 -1.31345 2.28441
3.4524 -1.25963 2.38166
3.47496 -1.20483 2.4744
3.4969 -1.14957 2.56191
3.51811 -1.09435 2.64367
3.53854 -1.03956 2.71944
3.55816 -0.985496 2.78916
3.577 -0.93235 2.85297
3.59508 -0.880225 2.91113
3.61246 -0.82916 2.96392
3.62919 -0.779146 3.0117
3.64534 -0.730141 3.05478
3.66097 -0.682088 3.09348
3.67613 -0.634921 3.12808
3.69087 -0.588569 3.15883
3.70524 -0.542965 3.18596
3.71929 -0.498043 3.20965
3.73304 -0.453742 3.23009
3.74654 -0.410007 3.24742
3.75982 -0.366787 3.26176
3.7729 -0.324034 3.27322
3.78582 -0.281706 3.28189
3.79858 -0.239766 3.28786
3.81122 -0.198177 3.2912
3.82376 -0.156907 3.29195
3.83621 -0.115927 3.29017
3.84859 -0.0752104 3.2859
3.86092 -0.034731 3.27916
3.87321 0.00553405 3.26999
3.88548 0.0456063 3.2584
3.89775 0.0855058 3.24441
3.91003 0.125252 3.22801
3.92234 0.164861 3.20921
3.93468 0.204351 3.18801
3.94708 0.243738 3.16438
3.95955 0.283035 3.13832
3.9721 0.322256 3.10981
3.98475 0.361414 3.07881
3.99752 0.400522 3.04528
4.01042 0.439588 3.0092
4.02348 0.478624 2.97051
4.0367 0.517637 2.92916
4.05011 0.556633 2.88509
4.06373 0.595617 2.83824
4.07758 0.63459 2.78852
4.09169 0.673552 2.73587
4.10606 0.712498 2.68019
4.12074 0.751417 2.6214
4.13575 0.790293 2.55939
4.15111 0.829102 2.49408
4.16684 0.867809 2.42537
4.18297 0.906366 2.35317
4.19953 0.94471 2.27743
4.21653 0.982759 2.19809
4.23398 1.02041 2.11515
4.25189 1.05752 2.02867
4.27025 1.09394 1.93879
4.28903 1.12948 1.84571
4.30819 1.16394 1.74975
4.32768 1.19708 1.65133
4.34743 1.2287 1.55095
4.36734 1.25857 1.44916
4.38735 1.28654 1.34653
4.40737 1.31247 1.2436
4.42733 1.33627 1.14084
4.44718 1.3579 1.03866
4.46688 1.37736 0.937331
4.48639 1.39467 0.837062
4.50572 1.4099 0.737962
4.52487 1.42309 0.640072
4.54384 1.43431 0.543378
4.56264 1.44363 0.447827
4.58131 1.4511 0.353337
4.59986 1.45679 0.25981
4.61831 1.46072 0.167137
4.63669 1.46295 0.0752056
4.65503 1.46349 -0.0160948
4.67335 1.46236 -0.106872
4.69167 1.45958 -0.197225
4.71001 1.45513 -0.287247
4.7284 1.44902 -0.377019
4.74685 1.44123 -0.466608
4.76538 1.43176 -0.556068
4.78401 1.42056 -0.645437
4.80274 1.40763 -0.734733
4.82159 1.39294 -0.823952
4.84057 1.37646 -0.913067
4.85966 1.35817 -1.00202
4.87888 1.33805 -1.09072
4.89821 1.31611 -1.17904
4.91764 1.29235 -1.26682
4.93715 1.26678 -1.35386
4.9567 1.23947 -1.43991
4.97626 1.21047 -1.52468
4.99579 1.17987 -1.60788
5.01523 1.14781 -1.68918
5.03455 1.11441 -1.76823
5.05368 1.07983 -1.84474
5.07258 1.04426 -1.9184
5.09121 1.00787 -1.98896
5.10952 0.970816 -2.05623
5.12749 0.933278 -2.12006
5.1451 0.895397 -2.18037
5.16235 0.857304 -2.2371
5.17922 0.819106 -2.29027
5.19572 0.780895 -2.33992
5.21186 0.74274 -2.3861
5.22766 0.704698 -2.42891
5.24313 0.666809 -2.46842
5.25829 0.629102 -2.50476
5.27316 0.591598 -2.53801
5.28776 0.554308 -2.56827
5.30211 0.51724 -2.59565
5.31624 0.480395 -2.62023
5.33015 0.443772 -2.6421
5.34388 0.407369 -2.66133
5.35743 0.37118 -2.678
5.37083 0.335198 -2.69218
5.38409 0.299417 -2.70393
5.39723 0.263829 -2.71328
5.41025 0.228427 -2.72031
5.42319 0.193203 -2.72504
5.43604 0.158149 -2.72751
5.44883 0.12326 -2.72775
5.46157 0.0885265 -2.7258
5.47426 0.0539433 -2.72167
5.48693 0.0195041 -2.71538
5.49958 -0.014797 -2.70696
5.51222 -0.0489651 -2.6964
5.52487 -0.0830049 -2.68371
5.53754 -0.116921 -2.66891
5.55024 -0.150716 -2.65199
5.56299 -0.184393 -2.63294
5.57578 -0.217955 -2.61176
5.58864 -0.251402 -2.58844
5.60158 -0.284736 -2.56296
5.61461 -0.317956 -2.53532
5.62774 -0.35106 -2.50548
5.64099 -0.384046 -2.47343
5.65437 -0.416909 -2.43913
5.66789 -0.449644 -2.40256
5.68156 -0.482243 -2.36368
5.69541 -0.514695 -2.32245
5.70944 -0.546989 -2.27885
5.72368 -0.579109 -2.23281
5.73813 -0.611036 -2.18431
5.75282 -0.642747 -2.1333
5.76775 -0.674214 -2.07972
5.78295 -0.705404 -2.02355
5.79843 -0.736276 -1.96474
5.8142 -0.766783 -1.90326
5.83028 -0.796869 -1.83909
5.84667 -0.826469 -1.77223
5.86338 -0.855507 -1.70269
5.88041 -0.883896 -1.6305
5.89776 -0.911538 -1.55575
5.91541 -0.938327 -1.47855
5.93335 -0.964147 -1.39904
5.95156 -0.988875 -1.31742
5.96999 -1.01239 -1.23395
5.9886 -1.03457 -1.1489
6.00736 -1.05532 -1.06258
6.02621 -1.07453 -0.975325
6.0451 -1.09212 -0.887456
6.06399 -1.10805 -0.799288
6.08283 -1.12228 -0.711103
6.1016 -1.13481 -0.623141
6.12027 -1.14562 -0.535601
6.13882 -1.15475 -0.448632
6.15724 -1.16222 -0.362338
6.17555 -1.16807 -0.276783
6.19373 -1.17233 -0.191999
6.2118 -1.17504 -0.107987
6.22977 -1.17623 -0.0247333
6.24766 -1.17593 0.057792
6.26549 -1.17417 0.139624
6.28328 -1.17097 0.2208
6.30103 -1.16633 0.301352
6.31878 -1.16027 0.381305
6.33652 -1.15279 0.460674
6.35428 -1.14391 0.539457
6.37207 -1.13362 0.617638
6.38988 -1.12193 0.69518
6.40772 -1.10884 0.772026
6.42558 -1.09436 0.848101
6.44347 -1.07851 0.923307
6.46137 -1.06131 0.997529
6.47927 -1.0428 1.07063
6.49715 -1.02301 1.14247
6.51499 -1.002 1.21288
6.53276 -0.97982 1.2817
6.55045 -0.956545 1.34878
6.56804 -0.932251 1.41394
6.58549 -0.907022 1.47704
6.60278 -0.880943 1.53795
6.6199 -0.854105 1.59654
6.63683 -0.826594 1.65273
6.65355 -0.798498 1.70643
6.67006 -0.769897 1.75759
6.68635 -0.740868 1.80617
6.70241 -0.711481 1.85216
6.71825 -0.681799 1.89555
6.73386 -0.65188 1.93636
6.74925 -0.621772 1.97461
6.76443 -0.59152 2.01033
6.7794 -0.561161 2.04355
6.79418 -0.530726 2.07431
6.80877 -0.500244 2.10266
6.82319 -0.469738 2.12865
6.83744 -0.439227 2.15231
6.85154 -0.408727 2.17368
6.86549 -0.378254 2.19282
6.87932 -0.347817 2.20976
6.89302 -0.317427 2.22454
6.90661 -0.287092 2.23719
6.92011 -0.256819 2.24775
6.93352 -0.226613 2.25626
6.94685 -0.19648 2.26272
6.96012 -0.166424 2.26718
6.97333 -0.136449 2.26965
6.9865 -0.106559 2.27016
6.99963 -0.0767558 2.26872
7.01273 -0.0470434 2.26534
7.02582 -0.0174246 2.26004
7.0389 0.0120974 2.25284
7.05198 0.0415195 2.24372
7.06508 0.0708383 2.23272
7.0782 0.10005 2.21981
7.09135 0.129151 2.20502
7.10454 0.158136 2.18832
7.11778 0.187001 2.16973
7.13109 0.21574 2.14924
7.14447 0.244346 2.12683
7.15793 0.272813 2.1025
7.17148 0.301132 2.07624
7.18513 0.329294 2.04803
7.1989 0.357288 2.01785
7.21279 0.385104 1.98569
7.22682 0.412727 1.95154
7.24099 0.440141 1.91536
7.25533 0.46733 1.87713
7.26984 0.494275 1.83684
7.28453 0.520951 1.79446
7.29941 0.547335 1.74997
7.3145 0.573397 1.70334
7.32981 0.599104 1.65455
7.34535 0.62442 1.6036
7.36112 0.649303 1.55046
7.37714 0.673707 1.49513
7.39342 0.69758 1.43762
7.40995 0.720862 1.37794
7.42675 0.743492 1.31613
7.44381 0.7654 1.25223
7.46112 0.786511 1.18631
7.47867 0.806746 1.11847
7.49646 0.826024 1.04883
7.51445 0.844262 0.977543
7.53264 0.861378 0.904775
7.55098 0.877295 0.830728
7.56944 0.891942 0.755622
7.58799 0.905259 0.679687
7.6066 0.917196 0.603158
7.62523 0.927717 0.526266
7.64385 0.936799 0.449229
7.66243 0.944431 0.372244
7.68095 0.950615 0.295483
7.6994 0.955361 0.219091
7.71776 0.958686 0.143184
7.73603 0.960614 0.0678539
7.75422 0.961167 -0.00683233
7.77232 0.960372 -0.0808239
7.79034 0.958254 -0.154083
7.80828 0.954836 -0.226579
7.82617 0.950141 -0.298284
7.84399 0.944189 -0.369168
7.86177 0.937001 -0.439197
7.8795 0.928597 -0.508327
7.89719 0.919 -0.576507
7.91483 0.908232 -0.643676
7.93243 0.896319 -0.709762
7.94998 0.883291 -0.774686
7.96747 0.869182 -0.838359
7.98489 0.854029 -0.90069
8.00223 0.837875 -0.961583
8.01948 0.820766 -1.02094
8.03664 0.802754 -1.07868
8.05368 0.78389 -1.1347
8.07059 0.764232 -1.18892
8.08737 0.743836 -1.24127
8.10401 0.722761 -1.29169
8.12049 0.701064 -1.34012
8.13682 0.678801 -1.38652
8.15298 0.656027 -1.43086
8.16898 0.632795 -1.47311
8.1848 0.609152 -1.51325
8.20047 0.585147 -1.5513
8.21596 0.56082 -1.58723
8.2313 0.536213 -1.62107
8.24648 0.51136 -1.65283
8.2615 0.486296 -1.68251
8.27638 0.46105 -1.71014
8.29112 0.435649 -1.73574
8.30573 0.410117 -1.75934
8.32021 0.384478 -1.78095
8.33457 0.35875 -1.8006
8.34883 0.332953 -1.81831
8.36298 0.307101 -1.83411
8.37704 0.281211 -1.84803
8.39101 0.255296 -1.86007
8.40491 0.229367 -1.87027
8.41874 0.203437 -1.87863
8.43251 0.177515 -1.88519
8.44623 0.151613 -1.88995
8.45991 0.125738 -1.89294
8.47355 0.099899 -1.89416
8.48717 0.0741054 -1.89363
8.50076 0.0483646 -1.89135
8.51435 0.0226846 -1.88734
8.52794 -0.00292687 -1.88161
8.54154 -0.0284621 -1.87416
8.55515 -0.0539132 -1.86499
8.56878 -0.0792724 -1.85411
8.58245 -0.104531 -1.84153
8.59615 -0.129682 -1.82723
8.60991 -0.154714 -1.81122
8.62373 -0.17962 -1.79349
8.63761 -0.204389 -1.77405
8.65157 -0.229011 -1.75288
8.66561 -0.253474 -1.72999
8.67975 -0.277766 -1.70535
8.694 -0.301874 -1.67896
8.70835 -0.325784 -1.65082
8.72283 -0.349479 -1.6209
8.73745 -0.372944 -1.5892
8.75221 -0.396158 -1.5557
8.76712 -0.419103 -1.5204
8.7822 -0.441754 -1.48326
8.79746 -0.464088 -1.4443
8.8129 -0.486077 -1.40348
8.82853 -0.507692 -1.3608
8.84437 -0.528898 -1.31625
8.86042 -0.549661 -1.26983
8.8767 -0.56994 -1.22153
8.8932 -0.589693 -1.17137
8.90995 -0.608871 -1.11935
8.92692 -0.627424 -1.06549
8.94414 -0.645297 -1.00984
8.9616 -0.662432 -0.952438
8.9793 -0.678767 -0.893352
8.99722 -0.694238 -0.832665
9.01536 -0.708781 -0.770481
9.0337 -0.72233 -0.706925
9.05221 -0.734822 -0.642141
9.07088 -0.746199 -0.576296
9.08968 -0.756406 -0.509571
9.10857 -0.765398 -0.442161
9.12753 -0.773138 -0.374267
9.14652 -0.7796 -0.306089
9.16552 -0.784767 -0.237824
9.1845 -0.788633 -0.169656
9.20343 -0.791202 -0.101752
9.2223 -0.792484 -0.0342635
9.2411 -0.792498 0.0326795
9.25981 -0.791265 0.0989633
9.27842 -0.788811 0.16449
9.29694 -0.785163 0.229175
9.31536 -0.780352 0.292941
9.33368 -0.774408 0.355717
9.35189 -0.767363 0.417437
9.37001 -0.759249 0.478036
9.38801 -0.750103 0.537447
9.40591 -0.739958 0.595605
9.4237 -0.728854 0.652447
9.44137 -0.71683 0.707907
9.45892 -0.703927 0.761922
9.47635 -0.690189 0.814434
9.49364 -0.675658 0.865385
9.5108 -0.66038 0.914724
9.52782 -0.644401 0.962405
9.5447 -0.627766 1.00839
9.56143 -0.61052 1.05263
9.57801 -0.592708 1.09512
9.59444 -0.574372 1.13581
9.61072 -0.555555 1.17471
9.62686 -0.536296 1.21179
9.64285 -0.516634 1.24705
9.65869 -0.496605 1.2805
9.67439 -0.476244 1.31212
9.68996 -0.455581 1.34192
9.70539 -0.434649 1.36992
9.7207 -0.413473 1.39613
9.73588 -0.392082 1.42055
9.75095 -0.370498 1.4432
9.76591 -0.348746 1.46409
9.78077 -0.326844 1.48324
9.79553 -0.304815 1.50066
9.81021 -0.282674 1.51637
9.8248 -0.26044 1.53038
9.83931 -0.238129 1.54272
9.85376 -0.215755 1.55338
9.86815 -0.193332 1.56239
9.88249 -0.170874 1.56976
9.89678 -0.148393 1.5755
9.91103 -0.125902 1.57962
9.92526 -0.103411 1.58214
9.93946 -0.0809319 1.58305
9.95364 -0.0584756 1.58238
9.96782 -0.0360525 1.58012
9.982 -0.0136729 1.57629
9.99618 0.0086527 1.57088
10 0.0146499 1.56916
