101 0.0158091
101.1 0.0159362
101.2 0.0160649
101.3 0.0161952
101.4 0.016327
101.5 0.0164605
101.6 0.0165956
101.7 0.0167324
101.8 0.0168708
101.9 0.017011
102 0.017153
102.1 0.0172967
102.2 0.0174423
102.3 0.0175896
102.4 0.0177389
102.5 0.0178901
102.6 0.0180432
102.7 0.0181983
102.8 0.0183554
102.9 0.0185145
103 0.0186757
103.1 0.018839
103.2 0.0190045
103.3 0.0191722
103.4 0.019342
103.5 0.0195142
103.6 0.0196887
103.7 0.0198655
103.8 0.0200447
103.9 0.0202263
104 0.0204104
104.1 0.0205971
104.2 0.0207863
104.3 0.0209781
104.4 0.0211726
104.5 0.0213698
104.6 0.0215697
104.7 0.0217725
104.8 0.0219782
104.9 0.0221868
105 0.0223983
105.1 0.0226129
105.2 0.0228306
105.3 0.0230515
105.4 0.0232756
105.5 0.0235029
105.6 0.0237336
105.7 0.0239677
105.8 0.0242053
105.9 0.0244464
106 0.0246912
106.1 0.0249396
106.2 0.0251918
106.3 0.0254479
106.4 0.0257078
106.5 0.0259718
106.6 0.0262399
106.7 0.0265121
106.8 0.0267885
106.9 0.0270694
107 0.0273546
107.1 0.0276444
107.2 0.0279388
107.3 0.0282379
107.4 0.0285419
107.5 0.0288507
107.6 0.0291646
107.7 0.0294837
107.8 0.029808
107.9 0.0301377
108 0.0304729
108.1 0.0308137
108.2 0.0311602
108.3 0.0315127
108.4 0.0318711
108.5 0.0322357
108.6 0.0326065
108.7 0.0329838
108.8 0.0333676
108.9 0.0337582
109 0.0341557
109.1 0.0345602
109.2 0.034972
109.3 0.0353911
109.4 0.0358178
109.5 0.0362523
109.6 0.0366947
109.7 0.0371453
109.8 0.0376041
109.9 0.0380716
110 0.0385477
110.1 0.0390329
110.2 0.0395273
110.3 0.0400311
110.4 0.0405446
110.5 0.041068
110.6 0.0416016
110.7 0.0421456
110.8 0.0427004
110.9 0.0432662
111 0.0438433
111.1 0.0444319
111.2 0.0450325
111.3 0.0456454
111.4 0.0462708
111.5 0.0469091
111.6 0.0475608
111.7 0.048226
111.8 0.0489053
111.9 0.049599
112 0.0503076
112.1 0.0510314
112.2 0.0517709
112.3 0.0525266
112.4 0.053299
112.5 0.0540884
112.6 0.0548955
112.7 0.0557207
112.8 0.0565647
112.9 0.0574279
113 0.058311
113.1 0.0592146
113.2 0.0601393
113.3 0.0610858
113.4 0.0620548
113.5 0.0630469
113.6 0.064063
113.7 0.0651037
113.8 0.06617
113.9 0.0672626
114 0.0683825
114.1 0.0695304
114.2 0.0707075
114.3 0.0719146
114.4 0.0731528
114.5 0.0744231
114.6 0.0757268
114.7 0.0770649
114.8 0.0784387
114.9 0.0798494
115 0.0812984
115.1 0.0827871
115.2 0.084317
115.3 0.0858895
115.4 0.0875062
115.5 0.0891689
115.6 0.0908793
115.7 0.0926392
115.8 0.0944505
115.9 0.0963153
116 0.0982357
116.1 0.100214
116.2 0.102252
116.3 0.104353
116.4 0.106519
116.5 0.108753
116.6 0.111057
116.7 0.113436
116.8 0.115891
116.9 0.118426
117 0.121045
117.1 0.123752
117.2 0.12655
117.3 0.129444
117.4 0.132437
117.5 0.135535
117.6 0.138742
117.7 0.142064
117.8 0.145506
117.9 0.149074
118 0.152774
118.1 0.156612
118.2 0.160597
118.3 0.164734
118.4 0.169032
118.5 0.1735
118.6 0.178145
118.7 0.182979
118.8 0.188011
118.9 0.193251
119 0.198712
119.1 0.204406
119.2 0.210346
119.3 0.216547
119.4 0.223024
119.5 0.229793
119.6 0.236872
119.7 0.244281
119.8 0.252039
119.9 0.260169
120 0.268694
120.1 0.277641
120.2 0.287038
120.3 0.296914
120.4 0.307302
120.5 0.318239
120.6 0.329762
120.7 0.341915
120.8 0.354742
120.9 0.368295
121 0.382627
121.1 0.397799
121.2 0.413877
121.3 0.430933
121.4 0.449047
121.5 0.468305
121.6 0.488805
121.7 0.510654
121.8 0.533969
121.9 0.558881
122 0.585537
122.1 0.614098
122.2 0.644745
122.3 0.677681
122.4 0.713131
122.5 0.75135
122.6 0.792623
122.7 0.837272
122.8 0.88566
122.9 0.938198
123 0.995352
123.1 1.05765
123.2 1.1257
123.3 1.20018
123.4 1.28187
123.5 1.37169
123.6 1.47064
123.7 1.5799
123.8 1.70083
123.9 1.83496
124 1.98405
124.1 2.15011
124.2 2.33541
124.3 2.5425
124.4 2.77422
124.5 3.03365
124.6 3.32409
124.7 3.64886
124.8 4.01111
124.9 4.41342
125 4.85717
125.1 5.34172
125.2 5.8632
125.3 6.41314
125.4 6.97691
125.5 7.53268
125.6 8.05121
125.7 8.4976
125.8 8.83543
125.9 9.03291
126 9.06973
126.1 8.94193
126.2 8.66298
126.3 8.26038
126.4 7.76934
126.5 7.2261
126.6 6.66272
126.7 6.10443
126.8 5.56895
126.9 5.06729
127 4.60519
127.1 4.18457
127.2 3.80481
127.3 3.46377
127.4 3.1585
127.5 2.88573
127.6 2.64211
127.7 2.42445
127.8 2.22982
127.9 2.05552
128 1.89916
128.1 1.75862
128.2 1.63204
128.3 1.51777
128.4 1.4144
128.5 1.32067
128.6 1.23549
128.7 1.15791
128.8 1.0871
128.9 1.02233
129 0.96296
129.1 0.908435
129.2 0.858259
129.3 0.811998
129.4 0.769269
129.5 0.729733
129.6 0.693087
129.7 0.659065
129.8 0.627429
129.9 0.597965
130 0.570485
130.1 0.544818
130.2 0.520811
130.3 0.498327
130.4 0.477243
130.5 0.457446
130.6 0.438836
130.7 0.42132
130.8 0.404818
130.9 0.389252
131 0.374555
131.1 0.360663
131.2 0.347521
131.3 0.335075
131.4 0.323277
131.5 0.312085
131.6 0.301458
131.7 0.291359
131.8 0.281754
131.9 0.272611
132 0.263901
132.1 0.255599
132.2 0.247679
132.3 0.240118
132.4 0.232895
132.5 0.225991
132.6 0.219386
132.7 0.213065
132.8 0.207011
132.9 0.201209
133 0.195646
133.1 0.19031
133.2 0.185187
133.3 0.180266
133.4 0.175539
133.5 0.170993
133.6 0.166621
133.7 0.162413
133.8 0.158362
133.9 0.15446
134 0.150699
134.1 0.147073
134.2 0.143576
134.3 0.140202
134.4 0.136944
134.5 0.133798
134.6 0.130759
134.7 0.127822
134.8 0.124982
134.9 0.122236
135 0.119578
135.1 0.117006
135.2 0.114515
135.3 0.112103
135.4 0.109767
135.5 0.107502
135.6 0.105306
135.7 0.103176
135.8 0.101111
135.9 0.0991062
136 0.0971605
136.1 0.0952713
136.2 0.0934365
136.3 0.091654
136.4 0.0899219
136.5 0.0882383
136.6 0.0866014
136.7 0.0850094
136.8 0.0834608
136.9 0.081954
137 0.0804876
137.1 0.07906
137.2 0.07767
137.3 0.0763162
137.4 0.0749974
137.5 0.0737125
137.6 0.0724601
137.7 0.0712393
137.8 0.0700491
137.9 0.0688883
138 0.0677561
138.1 0.0666515
138.2 0.0655737
138.3 0.0645217
138.4 0.0634948
138.5 0.0624921
138.6 0.0615129
138.7 0.0605566
138.8 0.0596223
138.9 0.0587094
139 0.0578173
139.1 0.0569453
139.2 0.0560929
139.3 0.0552594
139.4 0.0544443
139.5 0.0536471
139.6 0.0528673
139.7 0.0521043
139.8 0.0513576
139.9 0.0506269
140 0.0499116
140.1 0.0492113
140.2 0.0485257
140.3 0.0478543
140.4 0.0471966
140.5 0.0465524
140.6 0.0459213
140.7 0.045303
140.8 0.044697
140.9 0.044103
141 0.0435208
141.1 0.0429501
141.2 0.0423905
141.3 0.0418417
141.4 0.0413035
141.5 0.0407756
141.6 0.0402577
141.7 0.0397497
141.8 0.0392511
141.9 0.0387619
142 0.0382818
142.1 0.0378105
142.2 0.0373478
142.3 0.0368936
142.4 0.0364476
142.5 0.0360097
142.6 0.0355795
142.7 0.035157
142.8 0.034742
142.9 0.0343343
143 0.0339337
143.1 0.0335401
143.2 0.0331533
143.3 0.0327731
143.4 0.0323994
143.5 0.0320321
143.6 0.031671
143.7 0.0313159
143.8 0.0309668
143.9 0.0306234
144 0.0302858
144.1 0.0299537
144.2 0.029627
144.3 0.0293056
144.4 0.0289894
144.5 0.0286783
144.6 0.0283722
144.7 0.0280709
144.8 0.0277744
144.9 0.0274826
145 0.0271954
145.1 0.0269126
145.2 0.0266342
145.3 0.0263601
145.4 0.0260902
145.5 0.0258245
145.6 0.0255627
145.7 0.025305
145.8 0.0250511
145.9 0.024801
146 0.0245546
146.1 0.0243119
146.2 0.0240727
146.3 0.0238371
146.4 0.0236049
146.5 0.023376
146.6 0.0231505
146.7 0.0229282
146.8 0.0227092
146.9 0.0224932
147 0.0222803
147.1 0.0220704
147.2 0.0218634
147.3 0.0216594
147.4 0.0214582
147.5 0.0212597
147.6 0.0210641
147.7 0.0208711
147.8 0.0206807
147.9 0.0204929
148 0.0203077
148.1 0.020125
148.2 0.0199447
148.3 0.0197668
148.4 0.0195913
148.5 0.0194182
148.6 0.0192473
148.7 0.0190786
148.8 0.0189122
148.9 0.0187479
149 0.0185858
149.1 0.0184257
149.2 0.0182677
149.3 0.0181118
149.4 0.0179578
149.5 0.0178057
149.6 0.0176556
149.7 0.0175074
149.8 0.0173611
149.9 0.0172165
150 0.0170738
150.1 0.0169328
150.2 0.0167936
150.3 0.0166561
150.4 0.0165202
150.5 0.016386
150.6 0.0162535
150.7 0.0161225
150.8 0.0159931
150.9 0.0158653
151 0.015739
151.1 0.0156142
151.2 0.0154908
151.3 0.015369
151.4 0.0152485
151.5 0.0151295
151.6 0.0150119
151.7 0.0148956
151.8 0.0147806
151.9 0.014667
152 0.0145547
152.1 0.0144437
152.2 0.0143339
152.3 0.0142254
152.4 0.0141181
152.5 0.0140121
152.6 0.0139072
152.7 0.0138035
152.8 0.0137009
152.9 0.0135995
153 0.0134992
153.1 0.0134
153.2 0.0133019
153.3 0.0132049
153.4 0.0131089
153.5 0.013014
153.6 0.0129201
153.7 0.0128272
153.8 0.0127353
153.9 0.0126444
154 0.0125544
154.1 0.0124654
154.2 0.0123774
154.3 0.0122903
154.4 0.0122041
154.5 0.0121188
154.6 0.0120344
154.7 0.0119509
154.8 0.0118682
154.9 0.0117864
155 0.0117054
155.1 0.0116253
155.2 0.011546
155.3 0.0114675
155.4 0.0113898
155.5 0.0113128
155.6 0.0112367
155.7 0.0111613
155.8 0.0110867
155.9 0.0110128
156 0.0109397
156.1 0.0108673
156.2 0.0107956
156.3 0.0107246
156.4 0.0106543
156.5 0.0105847
156.6 0.0105158
156.7 0.0104475
156.8 0.0103799
156.9 0.010313
157 0.0102467
157.1 0.010181
157.2 0.010116
157.3 0.0100516
157.4 0.0099878
157.5 0.00992461
157.6 0.00986202
157.7 0.00980002
157.8 0.0097386
157.9 0.00967775
158 0.00961748
158.1 0.00955776
158.2 0.0094986
158.3 0.00943999
158.4 0.00938192
158.5 0.00932438
158.6 0.00926737
158.7 0.00921088
158.8 0.00915491
158.9 0.00909944
159 0.00904448
