0.2 0.324722
0.4 0.532417
0.6 0.654716
0.8 0.715651
1 0.733367
1.2 0.721461
1.4 0.690033
1.6 0.646504
1.8 0.596258
2 0.543127
2.2 0.489783
2.4 0.438029
2.6 0.389023
2.8 0.343455
3 0.301677
3.2 0.263804
3.4 0.229784
3.6 0.199459
3.8 0.172602
4 0.148947
4.2 0.128213
4.4 0.110114
4.6 0.0943755
4.8 0.0807333
5 0.0689432
5.2 0.0587807
5.4 0.050042
5.6 0.0425441
5.8 0.0361234
6 0.0306353
6.2 0.0259521
6.4 0.021962
6.6 0.0185671
6.8 0.0156827
7 0.0132349
7.2 0.01116
7.4 0.00940314
7.6 0.00791707
7.8 0.00666125
8 0.00560094
8.2 0.00470646
8.4 0.00395248
8.6 0.00331741
8.8 0.00278287
9 0.00233326
9.2 0.00195532
9.4 0.00163783
9.6 0.00137127
9.8 0.00114759
10 0.000959998
10.2 0.00080275
10.4 0.000671001
10.6 0.000560668
10.8 0.00046831
11 0.000391032
11.2 0.000326398
11.4 0.000272361
11.6 0.0002272
11.8 0.000189471
12 0.000157961
12.2 0.000131655
12.4 0.000109701
12.6 9.13843e-05
12.8 7.61068e-05
13 6.33676e-05
13.2 5.27478e-05
13.4 4.38987e-05
13.6 3.65259e-05
13.8 3.0385e-05
14 2.52708e-05
14.2 2.10127e-05
14.4 1.74688e-05
14.6 1.45204e-05
14.8 1.20672e-05
15 1.00265e-05
15.2 8.32924e-06
15.4 6.91795e-06
15.6 5.74523e-06
15.8 4.77052e-06
16 3.96035e-06
16.2 3.28721e-06
16.4 2.72793e-06
16.6 2.26331e-06
16.8 1.87763e-06
17 1.55723e-06
17.2 1.29175e-06
17.4 1.07119e-06
17.6 8.88257e-07
17.8 7.36201e-07
18 6.10151e-07
18.2 5.0578e-07
18.4 4.19509e-07
18.6 3.47097e-07
18.8 2.8756e-07
19 2.37492e-07
19.2 1.96624e-07
19.4 1.63326e-07
19.6 1.35281e-07
19.8 1.11794e-07
20 9.30089e-08
20.2 7.64762e-08
20.4 6.40111e-08
20.6 5.32051e-08
20.8 4.33954e-08
21 3.62773e-08
21.2 3.02832e-08
21.4 2.48008e-08
21.6 2.1525e-08
21.8 1.72998e-08
22 1.42672e-08
22.2 1.30076e-08
22.4 1.05857e-08
22.6 8.84291e-09
22.8 7.65204e-09
23 5.21009e-09
23.2 5.08418e-09
23.4 4.97778e-09
23.6 3.24097e-09
23.8 3.04321e-09
24 1.83385e-09
24.2 8.88881e-10
24.4 2.12764e-09
24.6 1.76737e-09
24.8 7.5883e-10
25 1.06381e-09
25.2 -4.59758e-10
25.4 2.2431e-10
25.6 1.33215e-09
25.8 3.80813e-10
26 -7.43685e-11
26.2 -3.29177e-10
26.4 -1.24092e-09
26.6 5.40614e-10
26.8 8.67124e-10
27 -2.23044e-11
27.2 -1.64114e-10
27.4 -7.40272e-10
27.6 -8.3359e-10
27.8 5.79322e-10
28 -1.56671e-10
28.2 -7.96746e-10
28.4 -9.50655e-10
28.6 -1.30202e-09
28.8 -7.38585e-10
29 3.31917e-10
29.2 -1.7226e-10
29.4 -1.94248e-10
29.6 -1.0992e-10
29.8 -5.36334e-10
