0.1 -0.0755547
0.2 -0.136169
0.3 -0.183473
0.4 -0.218959
0.5 -0.243991
0.6 -0.259813
0.7 -0.26756
0.8 -0.268266
0.9 -0.26287
1 -0.252225
1.1 -0.237104
1.2 -0.218206
1.3 -0.196163
1.4 -0.171545
1.5 -0.144863
1.6 -0.116575
1.7 -0.0870937
1.8 -0.0567837
1.9 -0.0259708
2 0.00505702
2.1 0.0360456
2.2 0.0667722
2.3 0.0970423
2.4 0.126687
2.5 0.155562
2.6 0.183543
2.7 0.210526
2.8 0.236424
2.9 0.261166
3 0.284695
3.1 0.306969
3.2 0.327953
3.3 0.347628
3.4 0.365979
3.5 0.383002
3.6 0.3987
3.7 0.413082
3.8 0.426161
3.9 0.437959
4 0.448498
4.1 0.457805
4.2 0.465911
4.3 0.472848
4.4 0.478652
4.5 0.48336
4.6 0.487008
4.7 0.489637
4.8 0.491286
4.9 0.491995
5 0.491805
5.1 0.490757
5.2 0.48889
5.3 0.486244
5.4 0.48286
5.5 0.478776
5.6 0.47403
5.7 0.46866
5.8 0.462702
5.9 0.456191
6 0.449162
6.1 0.441648
6.2 0.433681
6.3 0.425293
6.4 0.416514
6.5 0.407372
6.6 0.397895
6.7 0.388109
6.8 0.378039
6.9 0.367709
7 0.357143
7.1 0.346361
7.2 0.335384
7.3 0.324231
7.4 0.312921
7.5 0.301471
7.6 0.289896
7.7 0.278211
7.8 0.266432
7.9 0.254569
8 0.242636
8.1 0.230643
8.2 0.218601
8.3 0.206518
8.4 0.194403
8.5 0.182264
8.6 0.170106
8.7 0.157936
8.8 0.14576
8.9 0.13358
9 0.121401
9.1 0.109227
9.2 0.0970579
9.3 0.084897
9.4 0.072745
9.5 0.0606021
9.6 0.0484682
9.7 0.0363426
9.8 0.024224
9.9 0.0121106
