0.1 -0.0917729
0.2 -0.165023
0.3 -0.22147
0.4 -0.262747
0.5 -0.290407
0.6 -0.305919
0.7 -0.310675
0.8 -0.305986
0.9 -0.293089
1 -0.273143
1.1 -0.247234
1.2 -0.216379
1.3 -0.181522
1.4 -0.14354
1.5 -0.103245
1.6 -0.0613854
1.7 -0.0186459
1.8 0.024347
1.9 0.067025
2 0.108875
2.1 0.149437
2.2 0.188303
2.3 0.225112
2.4 0.259553
2.5 0.291357
2.6 0.320297
2.7 0.346187
2.8 0.368881
2.9 0.388265
3 0.404262
3.1 0.416825
3.2 0.425937
3.3 0.431608
3.4 0.433875
3.5 0.432796
3.6 0.428453
3.7 0.420946
3.8 0.410395
3.9 0.396934
4 0.380711
4.1 0.361889
4.2 0.34064
4.3 0.317147
4.4 0.291598
4.5 0.264191
4.6 0.235127
4.7 0.204611
4.8 0.172851
4.9 0.140054
5 0.106429
5.1 0.0721847
5.2 0.0375249
5.3 0.0026522
5.4 -0.0322354
5.5 -0.0669446
5.6 -0.101288
5.7 -0.135085
5.8 -0.16816
5.9 -0.200349
6 -0.231492
6.1 -0.26144
6.2 -0.290053
6.3 -0.317201
6.4 -0.342761
6.5 -0.366624
6.6 -0.388689
6.7 -0.408865
6.8 -0.427074
6.9 -0.443245
7 -0.457322
7.1 -0.469257
7.2 -0.479011
7.3 -0.48656
7.4 -0.491886
7.5 -0.494983
7.6 -0.495856
7.7 -0.494518
7.8 -0.490991
7.9 -0.485308
8 -0.477509
8.1 -0.467643
8.2 -0.455768
8.3 -0.441948
8.4 -0.426256
8.5 -0.408769
8.6 -0.389574
8.7 -0.36876
8.8 -0.346424
8.9 -0.322669
9 -0.297598
9.1 -0.271321
9.2 -0.243953
9.3 -0.215608
9.4 -0.186406
9.5 -0.156466
9.6 -0.125911
9.7 -0.0948632
9.8 -0.0634465
9.9 -0.0317844
