# x target network target_derivative network_derivative target_second_derivative network_second_derivative network_antiderivative
-1 0.353227 0.351974 0.192498 2.3438 -10.18 -45.2931 0
-0.99 0.354636 0.373122 0.0885032 1.88363 -10.615 -46.6004 0.00362932
-0.98 0.354983 0.389617 -0.0197209 1.41459 -11.0255 -47.0698 0.00744692
-0.97 0.354228 0.401412 -0.131918 0.94492 -11.4092 -46.7334 0.011406
-0.96 0.352332 0.408539 -0.247806 0.482437 -11.7634 -45.6429 0.0154596
-0.95 0.34926 0.411109 -0.367079 0.0343485 -12.0858 -43.867 0.0195616
-0.94 0.34498 0.409296 -0.489407 -0.392895 -12.3739 -41.4888 0.0236672
-0.93 0.339463 0.403339 -0.614437 -0.79373 -12.6256 -38.6017 0.0277337
-0.92 0.332684 0.393525 -0.741791 -1.16357 -12.8386 -35.3066 0.0317211
-0.91 0.324621 0.380183 -0.871072 -1.49885 -13.0107 -31.7077 0.0355924
-0.9 0.315257 0.363672 -1.00186 -1.79706 -13.1401 -27.9093 0.0393142
-0.89 0.30458 0.34437 -1.13373 -2.05671 -13.2248 -24.0127 0.0428565
-0.88 0.292581 0.322668 -1.2662 -2.2773 -13.263 -20.1133 0.0461936
-0.87 0.279256 0.298953 -1.39883 -2.45926 -13.2533 -16.2981 0.0493032
-0.86 0.264606 0.273607 -1.5311 -2.6038 -13.1942 -12.6438 0.0521672
-0.85 0.248636 0.246995 -1.66254 -2.71289 -13.0844 -9.21554 0.0547711
-0.84 0.231359 0.219459 -1.79262 -2.78904 -12.9229 -6.06581 0.057104
-0.83 0.21279 0.191314 -1.92082 -2.83527 -12.7088 -3.23432 0.0591583
-0.82 0.192951 0.162843 -2.04662 -2.85488 -12.4415 -0.74803 0.0609292
-0.81 0.171868 0.134293 -2.16947 -2.85143 -12.1206 1.37835 0.0624149
-0.8 0.149573 0.105879 -2.28885 -2.82853 -11.7457 3.14144 0.0636155
-0.79 0.126104 0.0777756 -2.40421 -2.78979 -11.3169 4.54801 0.0645335
-0.78 0.101504 0.0501243 -2.51501 -2.73871 -10.8345 5.61363 0.0651726
-0.77 0.0758208 0.0230316 -2.62072 -2.67858 -10.2988 6.36118 0.0655378
-0.76 0.0491083 -0.00342732 -2.72081 -2.61245 -9.71065 6.81928 0.0656353
-0.75 0.0214251 -0.0292065 -2.81476 -2.54305 -9.07097 7.02074 0.0654716
-0.74 -0.00716481 -0.0542854 -2.90206 -2.47277 -8.38096 7.00113 0.0650535
-0.73 -0.0365924 -0.0786657 -2.98222 -2.40364 -7.64208 6.79738 0.0643882
-0.72 -0.0667838 -0.102368 -3.05475 -2.33731 -6.85603 6.44655 0.0634825
-0.71 -0.0976604 -0.125426 -3.11919 -2.27508 -6.02474 5.98485 0.062343
-0.7 -0.129139 -0.147886 -3.1751 -2.21787 -5.15041 5.44669 0.0609759
-0.69 -0.161132 -0.169802 -3.22206 -2.16629 -4.23545 4.86408 0.0593871
-0.68 -0.193549 -0.191231 -3.25968 -2.12064 -3.28252 4.26609 0.0575815
-0.67 -0.226294 -0.212234 -3.28759 -2.08093 -2.29449 3.67853 0.0555639
-0.66 -0.259268 -0.232869 -3.30546 -2.04696 -1.27445 3.1238 0.0533381
-0.65 -0.292369 -0.253191 -3.31299 -2.01829 -0.225714 2.62082 0.0509075
-0.64 -0.325492 -0.273251 -3.30989 -1.99432 0.848238 2.18513 0.0482751
-0.63 -0.35853 -0.293091 -3.29595 -1.97432 1.94372 1.82903 0.0454432
-0.62 -0.391374 -0.312747 -3.27096 -1.95744 3.05689 1.56179 0.0424139
-0.61 -0.423912 -0.332247 -3.23477 -1.94276 4.18375 1.38996 0.0391888
-0.6 -0.456032 -0.351607 -3.18725 -1.92931 5.32013 1.31764 0.0357694
-0.59 -0.487619 -0.370834 -3.12835 -1.91607 6.46178 1.34678 0.0321571
-0.58 -0.518561 -0.389926 -3.05802 -1.90203 7.60431 1.47746 0.0283532
-0.57 -0.548741 -0.408869 -2.97627 -1.88619 8.74326 1.70824 0.0243591
-0.56 -0.578048 -0.42764 -2.88318 -1.86755 9.87409 2.03634 0.0201764
-0.55 -0.606368 -0.446207 -2.77883 -1.84515 10.9922 2.45793 0.015807
-0.54 -0.633588 -0.464527 -2.66339 -1.81809 12.093 2.96832 0.0112531
-0.53 -0.659599 -0.48255 -2.53705 -1.78551 13.1718 3.56211 0.00651741
-0.52 -0.684293 -0.500216 -2.40004 -1.74659 14.224 4.23337 0.00160325
-0.51 -0.707565 -0.517459 -2.25267 -1.7006 15.245 4.97572 -0.0034855
-0.5 -0.729313 -0.534203 -2.09526 -1.64686 16.2302 5.78243 -0.00874426
-0.49 -0.749438 -0.550368 -1.9282 -1.58476 17.1753 6.64649 -0.0141676
-0.48 -0.767846 -0.565868 -1.75191 -1.51376 18.0758 7.56068 -0.0197494
-0.47 -0.784447 -0.580612 -1.56685 -1.43341 18.9275 8.51754 -0.0254825
-0.46 -0.799156 -0.594504 -1.37353 -1.3433 19.7263 9.50946 -0.0313588
-0.45 -0.811892 -0.607444 -1.17251 -1.24313 20.4682 10.5287 -0.0373694
-0.44 -0.822582 -0.619332 -0.96437 -1.13266 21.1494 11.5672 -0.0435042
-0.43 -0.831158 -0.630063 -0.749736 -1.01174 21.7664 12.617 -0.0497522
-0.42 -0.837558 -0.639532 -0.529267 -0.880308 22.3159 13.6699 -0.0561012
-0.41 -0.841726 -0.647634 -0.303654 -0.738363 22.7946 14.7175 -0.0625382
-0.4 -0.843616 -0.654264 -0.0736201 -0.586003 23.1998 15.7515 -0.069049
-0.39 -0.843186 -0.65932 0.160087 -0.423407 23.5288 16.7633 -0.0756183
-0.38 -0.840405 -0.662699 0.396694 -0.250839 23.7793 17.7444 -0.0822298
-0.37 -0.835245 -0.664305 0.635405 -0.0686489 23.9494 18.6863 -0.0888664
-0.36 -0.827692 -0.664042 0.875408 0.122728 24.0374 19.5804 -0.0955097
-0.35 -0.817736 -0.661821 1.11587 0.322771 24.0418 20.4182 -0.102141
-0.34 -0.805376 -0.657559 1.35596 0.530876 23.9617 21.1914 -0.108739
-0.33 -0.790621 -0.651179 1.59482 0.746356 23.7963 21.8919 -0.115285
-0.32 -0.773486 -0.64261 1.8316 0.968444 23.5454 22.5117 -0.121756
-0.31 -0.753998 -0.631791 2.06545 1.1963 23.2089 23.0433 -0.128129
-0.3 -0.73219 -0.618668 2.2955 1.42899 22.7873 23.4793 -0.134384
-0.29 -0.708104 -0.603198 2.52091 1.66554 22.2813 23.813 -0.140495
-0.28 -0.68179 -0.585348 2.74085 1.90489 21.6919 24.038 -0.14644
-0.27 -0.653308 -0.565095 2.95448 2.14592 21.0207 24.1487 -0.152194
-0.26 -0.622724 -0.542428 3.16099 2.38746 20.2694 24.1398 -0.157734
-0.25 -0.590115 -0.517348 3.3596 2.6283 19.4402 24.007 -0.163034
-0.24 -0.555561 -0.489868 3.54954 2.86718 18.5357 23.7466 -0.168073
-0.23 -0.519155 -0.460015 3.73008 3.1028 17.5587 23.3558 -0.172824
-0.22 -0.480993 -0.427828 3.90049 3.33385 16.5124 22.8325 -0.177265
-0.21 -0.441181 -0.393358 4.0601 3.55901 15.4002 22.1758 -0.181373
-0.2 -0.399829 -0.356672 4.20829 3.77692 14.226 21.3853 -0.185125
-0.19 -0.357056 -0.317848 4.34443 3.98627 12.9938 20.462 -0.188499
-0.18 -0.312983 -0.276979 4.46798 4.18572 11.708 19.4076 -0.191475
-0.17 -0.26774 -0.234171 4.57843 4.37399 10.3733 18.225 -0.194032
-0.16 -0.22146 -0.189541 4.6753 4.54981 8.99428 16.918 -0.196152
-0.15 -0.17428 -0.14322 4.75818 4.71195 7.57616 15.4913 -0.197817
-0.14 -0.126344 -0.0953512 4.82671 4.85926 6.12414 13.9508 -0.199012
-0.13 -0.077795 -0.0460881 4.88057 4.99061 4.64362 12.3032 -0.19972
-0.12 -0.0287821 0.00440442 4.91951 5.10499 3.14014 10.5562 -0.199929
-0.11 0.0205447 0.0559519 4.94332 5.20143 1.61936 8.71839 -0.199628
-0.1 0.0700334 0.10837 4.95186 5.27909 0.0870402 6.79913 -0.198807
-0.09 0.119531 0.161468 4.94504 5.33718 -1.45099 4.80858 -0.197459
-0.08 0.168883 0.215047 4.92284 5.37506 -2.98885 2.75759 -0.195576
-0.07 0.217936 0.2689 4.88528 5.39217 -4.52067 0.657653 -0.193157
-0.06 0.266538 0.322819 4.83246 5.38808 -6.04056 -1.47923 -0.190198
-0.05 0.314535 0.37659 4.76453 5.3625 -7.54269 -3.6406 -0.186701
-0.04 0.361778 0.429997 4.68169 5.31523 -9.02126 -5.81366 -0.182668
-0.03 0.40812 0.482822 4.5842 5.24623 -10.4706 -7.98534 -0.178103
-0.02 0.453415 0.534849 4.47239 5.15558 -11.8851 -10.1424 -0.173014
-0.01 0.497521 0.585862 4.34663 5.04348 -13.2594 -12.2717 -0.167409
0 0.540302 0.635649 4.20735 4.91028 -14.5882 -14.3601 -0.161301
0.01 0.581625 0.683999 4.05504 4.75646 -15.8663 -16.3944 -0.154701
0.02 0.621361 0.730711 3.89021 4.58261 -17.089 -18.3621 -0.147626
0.03 0.659389 0.775587 3.71346 4.38948 -18.2515 -20.2507 -0.140093
0.04 0.695593 0.818439 3.5254 4.1779 -19.3495 -22.0486 -0.132121
0.05 0.729862 0.859087 3.3267 3.94885 -20.3789 -23.7444 -0.123732
0.06 0.762094 0.897361 3.11806 3.70339 -21.3358 -25.3276 -0.114947
0.07 0.792193 0.933104 2.90023 3.4427 -22.2168 -26.7884 -0.105793
0.08 0.82007 0.966169 2.67399 3.16806 -23.0186 -28.1179 -0.0962941
0.09 0.845647 0.996423 2.44014 2.88081 -23.7383 -29.3081 -0.0864787
0.1 0.86885 1.02375 2.19951 2.58238 -24.3735 -30.3519 -0.0763754
0.11 0.889617 1.04804 1.95296 2.27428 -24.922 -31.2435 -0.0660139
0.12 0.907893 1.06921 1.70136 1.95804 -25.3821 -31.9778 -0.055425
0.13 0.923631 1.08718 1.44561 1.63526 -25.7522 -32.5511 -0.0446404
0.14 0.936794 1.10189 1.18662 1.30756 -26.0314 -32.9607 -0.0336923
0.15 0.947355 1.11332 0.925291 0.976594 -26.219 -33.2053 -0.0226135
0.16 0.955295 1.12142 0.662545 0.644008 -26.3148 -33.2845 -0.011437
0.17 0.960605 1.1262 0.3993 0.311453 -26.3189 -33.1991 -0.000196158
0.18 0.963283 1.12766 0.136471 -0.0194318 -26.2317 -32.9511 0.0110759
0.19 0.963338 1.12582 -0.125033 -0.347037 -26.0542 -32.5436 0.022346
0.2 0.960789 1.12073 -0.384316 -0.669787 -25.7876 -31.9808 0.0335814
0.21 0.955662 1.11245 -0.640493 -0.986153 -25.4335 -31.2679 0.04475
0.22 0.947993 1.10103 -0.8927 -1.29466 -24.9938 -30.411 0.0558199
0.23 0.937825 1.08658 -1.14009 -1.59392 -24.4708 -29.4171 0.0667605
0.24 0.92521 1.06919 -1.38185 -1.88258 -23.8673 -28.2943 0.0775418
0.25 0.910209 1.04897 -1.61718 -2.1594 -23.186 -27.0511 0.0881349
0.26 0.89289 1.02605 -1.84532 -2.42323 -22.4303 -25.6969 0.0985122
0.27 0.873329 1.00055 -2.06555 -2.673 -21.6038 -24.2416 0.108647
0.28 0.851608 0.972637 -2.27717 -2.90776 -20.71 -22.6958 0.118515
0.29 0.827816 0.942451 -2.47954 -3.12665 -19.7533 -21.0701 0.128092
0.3 0.80205 0.910159 -2.67204 -3.32893 -18.7376 -19.3759 0.137357
0.31 0.77441 0.87593 -2.85411 -3.51398 -17.6677 -17.6244 0.146289
0.32 0.745004 0.839939 -3.02523 -3.68127 -16.548 -15.8273 0.15487
0.33 0.713944 0.802365 -3.18492 -3.83041 -15.3834 -13.996 0.163083
0.34 0.681346 0.763392 -3.33276 -3.96111 -14.1788 -12.142 0.170913
0.35 0.647329 0.723205 -3.46838 -4.07321 -12.9394 -10.2768 0.178346
0.36 0.61202 0.68199 -3.59145 -4.16665 -11.6701 -8.41132 0.185373
0.37 0.575543 0.639934 -3.7017 -4.24147 -10.3763 -6.55652 0.191983
0.38 0.538029 0.597222 -3.79891 -4.29785 -9.06321 -4.72276 0.19817
0.39 0.499609 0.554038 -3.88292 -4.33603 -7.73605 -2.92004 0.203926
0.4 0.460415 0.510561 -3.9536 -4.35638 -6.40011 -1.15779 0.20925
0.41 0.420582 0.466968 -4.01091 -4.35935 -5.06061 0.555097 0.214137
0.42 0.380242 0.42343 -4.05482 -4.34547 -3.72273 2.21036 0.218589
0.43 0.33953 0.380113 -4.08538 -4.31536 -2.39155 3.8004 0.222607
0.44 0.298578 0.337175 -4.10269 -4.26971 -1.07209 5.31834 0.226193
0.45 0.25752 0.294768 -4.10688 -4.20926 0.23077 6.75799 0.229352
0.46 0.216484 0.253036 -4.09815 -4.13483 1.5123 8.11394 0.23209
0.47 0.175599 0.212115 -4.07672 -4.04727 2.76791 9.38153 0.234415
0.48 0.134991 0.172131 -4.04289 -3.9475 3.9932 10.5569 0.236336
0.49 0.0947814 0.133203 -3.99697 -3.83645 5.18394 11.6369 0.237861
0.5 0.0550902 0.0954368 -3.93934 -3.71509 6.33615 12.6191 0.239004
0.51 0.0160323 0.0589319 -3.87039 -3.5844 7.44605 13.502 0.239774
0.52 -0.0222814 0.0237765 -3.79057 -3.44539 8.51009 14.2846 0.240187
0.53 -0.0597445 -0.0099514 -3.70035 -3.29905 9.52498 14.9668 0.240255
0.54 -0.0962555 -0.0421834 -3.60025 -3.14638 10.4877 15.549 0.239993
0.55 -0.131718 -0.0728613 -3.49078 -2.9884 11.3955 16.0324 0.239416
0.56 -0.166042 -0.101937 -3.37253 -2.82606 12.2459 16.4186 0.238541
0.57 -0.199141 -0.129371 -3.24606 -2.66034 13.0366 16.71 0.237383
0.58 -0.230938 -0.155135 -3.112 -2.49217 13.7659 16.9093 0.235959
0.59 -0.261358 -0.179209 -2.97096 -2.32245 14.432 17.0198 0.234286
0.6 -0.290336 -0.201582 -2.82357 -2.15206 15.0337 17.0452 0.23238
0.61 -0.317811 -0.222251 -2.6705 -1.98182 15.5699 16.9896 0.23026
0.62 -0.343729 -0.241222 -2.5124 -1.81252 16.0399 16.8572 0.227941
0.63 -0.368044 -0.258507 -2.34992 -1.64491 16.4433 16.6528 0.225441
0.64 -0.390715 -0.274128 -2.18375 -1.47969 16.7799 16.3812 0.222776
0.65 -0.411709 -0.288111 -2.01455 -1.31749 17.0498 16.0476 0.219964
0.66 -0.430998 -0.30049 -1.84298 -1.15893 17.2534 15.6569 0.21702
0.67 -0.448563 -0.311303 -1.6697 -1.00453 17.3914 15.2147 0.213959
0.68 -0.464389 -0.320596 -1.49536 -0.854787 17.4648 14.726 0.210799
0.69 -0.478469 -0.328416 -1.32061 -0.710144 17.4747 14.1963 0.207552
0.7 -0.490802 -0.334817 -1.14608 -0.570981 17.4226 13.6307 0.204235
0.71 -0.501393 -0.339855 -0.972363 -0.437631 17.3101 13.0346 0.200861
0.72 -0.510254 -0.34359 -0.800069 -0.310375 17.1391 12.4129 0.197442
0.73 -0.517401 -0.346084 -0.629769 -0.189442 16.9116 11.7706 0.193993
0.74 -0.522858 -0.347401 -0.462017 -0.0750154 16.63 11.1125 0.190524
0.75 -0.526652 -0.347606 -0.297342 0.0327696 16.2966 10.443 0.187049
0.76 -0.528816 -0.346768 -0.136249 0.133822 15.914 9.76672 0.183576
0.77 -0.52939 -0.344952 0.0207836 0.228095 15.485 9.08762 0.180116
0.78 -0.528416 -0.342228 0.173306 0.315579 15.0125 8.40964 0.17668
0.79 -0.52594 -0.338663 0.320898 0.396303 14.4993 7.73638 0.173275
0.8 -0.522016 -0.334325 0.463167 0.470333 13.9486 7.07122 0.169909
0.81 -0.516696 -0.329279 0.599756 0.537765 13.3636 6.41724 0.166591
0.82 -0.51004 -0.323591 0.730335 0.598725 12.7474 5.77724 0.163326
0.83 -0.50211 -0.317325 0.854611 0.653365 12.1033 5.15376 0.160121
0.84 -0.49297 -0.310544 0.972319 0.701863 11.4346 4.54904 0.156981
0.85 -0.482687 -0.303308 1.08323 0.744415 10.7445 3.96507 0.153911
0.86 -0.471329 -0.295675 1.18715 0.781239 10.0365 3.40355 0.150916
0.87 -0.458968 -0.287701 1.28391 0.812566 9.31368 2.86593 0.147999
0.88 -0.445675 -0.279441 1.37338 0.838641 8.57943 2.35341 0.145163
0.89 -0.431524 -0.270945 1.45547 0.859721 7.83692 1.86694 0.142411
0.9 -0.41659 -0.262262 1.53011 0.876069 7.08931 1.40724 0.139745
0.91 -0.400947 -0.253439 1.59725 0.887957 6.33968 0.974803 0.137166
0.92 -0.38467 -0.244517 1.6569 0.895657 5.59103 0.569934 0.134676
0.93 -0.367834 -0.235539 1.70909 0.899447 4.84628 0.192732 0.132276
0.94 -0.350513 -0.22654 1.75385 0.899604 4.10823 -0.156881 0.129966
0.95 -0.332782 -0.217558 1.79128 0.896401 3.37957 -0.479146 0.127745
0.96 -0.314712 -0.208623 1.82148 0.890111 2.66288 -0.774456 0.125614
0.97 -0.296376 -0.199765 1.84459 0.881 1.96058 -1.04334 0.123572
0.98 -0.277843 -0.191011 1.86075 0.86933 1.27499 -1.28643 0.121619
0.99 -0.259183 -0.182386 1.87015 0.855355 0.608253 -1.5045 0.119752
1 -0.240462 -0.173911 1.87298 0.839321 -0.0376144 -1.69839 0.11797
