0 142.321
0.1 139.917
0.2 137.553
0.3 135.23
0.4 132.945
0.5 130.699
0.6 128.492
0.7 126.321
0.8 124.187
0.9 122.089
1 120.027
1.1 117.999
1.2 116.006
1.3 114.046
1.4 112.12
1.5 110.226
1.6 108.364
1.7 106.533
1.8 104.734
1.9 102.964
2 101.225
2.1 99.5151
2.2 97.834
2.3 96.1814
2.4 94.5566
2.5 92.9593
2.6 91.389
2.7 89.8452
2.8 88.3275
2.9 86.8354
3 85.3685
3.1 83.9264
3.2 82.5087
3.3 81.1149
3.4 79.7446
3.5 78.3975
3.6 77.0732
3.7 75.7712
3.8 74.4913
3.9 73.2329
4 71.9958
4.1 70.7796
4.2 69.584
4.3 68.4085
4.4 67.2529
4.5 66.1168
4.6 64.9999
4.7 63.9019
4.8 62.8224
4.9 61.7612
5 60.7179
5.1 59.6922
5.2 58.6839
5.3 57.6925
5.4 56.718
5.5 55.7598
5.6 54.8179
5.7 53.8919
5.8 52.9815
5.9 52.0865
6 51.2066
6.1 50.3416
6.2 49.4912
6.3 48.6552
6.4 47.8333
6.5 47.0252
6.6 46.2309
6.7 45.4499
6.8 44.6821
6.9 43.9273
7 43.1853
7.1 42.4558
7.2 41.7386
7.3 41.0335
7.4 40.3404
7.5 39.6589
7.6 38.989
7.7 38.3303
7.8 37.6828
7.9 37.0463
8 36.4205
8.1 35.8052
8.2 35.2004
8.3 34.6058
8.4 34.0212
8.5 33.4465
8.6 32.8815
8.7 32.326
8.8 31.7799
8.9 31.2431
9 30.7153
9.1 30.1965
9.2 29.6864
9.3 29.1849
9.4 28.6919
9.5 28.2072
9.6 27.7307
9.7 27.2622
9.8 26.8017
9.9 26.349
10 25.9039
10.1 25.4663
10.2 25.0361
10.3 24.6132
10.4 24.1974
10.5 23.7886
10.6 23.3868
10.7 22.9917
10.8 22.6033
10.9 22.2215
11 21.8461
11.1 21.4771
11.2 21.1143
11.3 20.7576
11.4 20.4069
11.5 20.0622
11.6 19.7233
11.7 19.3901
11.8 19.0626
11.9 18.7406
12 18.424
12.1 18.1128
12.2 17.8068
12.3 17.506
12.4 17.2103
12.5 16.9195
12.6 16.6337
12.7 16.3527
12.8 16.0765
12.9 15.8049
13 15.5379
13.1 15.2755
13.2 15.0174
13.3 14.7637
13.4 14.5143
13.5 14.2691
13.6 14.0281
13.7 13.7911
13.8 13.5582
13.9 13.3291
14 13.104
14.1 12.8826
14.2 12.665
14.3 12.451
14.4 12.2407
14.5 12.0339
14.6 11.8306
14.7 11.6308
14.8 11.4343
14.9 11.2412
15 11.0513
15.1 10.8646
15.2 10.6811
15.3 10.5006
15.4 10.3232
15.5 10.1489
15.6 9.97742
15.7 9.80887
15.8 9.64317
15.9 9.48028
16 9.32013
