0 142.321 147.448 147.448 137.372 137.372
0.1 139.917 145.061 144.854 135.148 134.955
0.2 137.553 142.712 142.305 132.96 132.581
0.3 135.23 140.402 139.801 130.808 130.248
0.4 132.945 138.129 137.341 128.69 127.956
0.5 130.699 135.892 134.925 126.606 125.705
0.6 128.492 133.692 132.551 124.557 123.493
0.7 126.321 131.528 130.219 122.54 121.32
0.8 124.187 129.398 127.927 120.556 119.186
0.9 122.089 127.303 125.677 118.604 117.089
1 120.027 125.242 123.465 116.684 115.029
1.1 117.999 123.215 121.293 114.795 113.005
1.2 116.006 121.22 119.159 112.937 111.016
1.3 114.046 119.257 117.062 111.108 109.063
1.4 112.12 117.326 115.003 109.309 107.144
1.5 110.226 115.427 112.979 107.54 105.259
1.6 108.364 113.558 110.991 105.798 103.407
1.7 106.533 111.72 109.038 104.086 101.588
1.8 104.734 109.911 107.12 102.4 99.8001
1.9 102.964 108.132 105.235 100.743 98.0442
2 101.225 106.381 103.384 99.1116 96.3191
2.1 99.5151 104.659 101.565 97.507 94.6244
2.2 97.834 102.964 99.7776 95.9284 92.9595
2.3 96.1814 101.297 98.022 94.3753 91.3239
2.4 94.5566 99.6572 96.2973 92.8474 89.7171
2.5 92.9593 98.0438 94.603 91.3442 88.1385
2.6 91.389 96.4564 92.9385 89.8653 86.5877
2.7 89.8452 94.8948 91.3032 88.4104 85.0643
2.8 88.3275 93.3585 89.6968 86.979 83.5676
2.9 86.8354 91.847 88.1186 85.5708 82.0972
3 85.3685 90.36 86.5682 84.1855 80.6527
3.1 83.9264 88.8971 85.045 82.8225 79.2337
3.2 82.5087 87.4578 83.5487 81.4816 77.8396
3.3 81.1149 86.0419 82.0786 80.1624 76.47
3.4 79.7446 84.6489 80.6345 78.8646 75.1245
3.5 78.3975 83.2784 79.2157 77.5878 73.8027
3.6 77.0732 81.9301 77.8219 76.3316 72.5042
3.7 75.7712 80.6037 76.4527 75.0958 71.2285
3.8 74.4913 79.2987 75.1075 73.88 69.9752
3.9 73.2329 78.0149 73.786 72.6839 68.744
4 71.9958 76.7518 72.4878 71.5072 67.5345
4.1 70.7796 75.5092 71.2124 70.3495 66.3462
4.2 69.584 74.2867 69.9594 69.2105 65.1789
4.3 68.4085 73.084 68.7285 68.09 64.0321
4.4 67.2529 71.9008 67.5192 66.9876 62.9054
4.5 66.1168 70.7367 66.3312 65.9031 61.7986
4.6 64.9999 69.5915 65.1641 64.8361 60.7113
4.7 63.9019 68.4648 64.0176 63.7865 59.6431
4.8 62.8224 67.3564 62.8912 62.7538 58.5937
4.9 61.7612 66.2659 61.7847 61.7378 57.5627
5 60.7179 65.1931 60.6976 60.7382 56.5499
5.1 59.6922 64.1376 59.6296 59.7549 55.555
5.2 58.6839 63.0992 58.5804 58.7875 54.5775
5.3 57.6925 62.0776 57.5497 57.8357 53.6172
5.4 56.718 61.0726 56.5371 56.8993 52.6738
5.5 55.7598 60.0838 55.5424 55.9781 51.747
5.6 54.8179 59.1111 54.5651 55.0719 50.8366
5.7 53.8919 58.1541 53.6051 54.1803 49.9421
5.8 52.9815 57.2126 52.6619 53.3031 49.0634
5.9 52.0865 56.2863 51.7353 52.4401 48.2001
6 51.2066 55.375 50.8251 51.5911 47.352
6.1 50.3416 54.4785 49.9308 50.7558 46.5189
6.2 49.4912 53.5965 49.0523 49.9341 45.7004
6.3 48.6552 52.7288 48.1892 49.1257 44.8963
6.4 47.8333 51.8751 47.3413 48.3303 44.1064
6.5 47.0252 51.0352 46.5084 47.5479 43.3303
6.6 46.2309 50.209 45.6901 46.7781 42.5679
6.7 45.4499 49.3961 44.8862 46.0207 41.819
6.8 44.6821 48.5964 44.0964 45.2757 41.0832
6.9 43.9273 47.8096 43.3205 44.5427 40.3603
7 43.1853 47.0356 42.5583 43.8215 39.6502
7.1 42.4558 46.2741 41.8095 43.112 38.9526
7.2 41.7386 45.5249 41.0739 42.4141 38.2672
7.3 41.0335 44.7879 40.3512 41.7274 37.5939
7.4 40.3404 44.0627 39.6412 41.0518 36.9324
7.5 39.6589 43.3494 38.9437 40.3872 36.2826
7.6 38.989 42.6475 38.2585 39.7333 35.6442
7.7 38.3303 41.9571 37.5854 39.09 35.0171
7.8 37.6828 41.2778 36.9241 38.4572 34.401
7.9 37.0463 40.6095 36.2744 37.8346 33.7957
8 36.4205 39.952 35.6362 37.222 33.2011
8.1 35.8052 39.3052 35.0092 36.6194 32.6169
8.2 35.2004 38.6689 34.3932 36.0265 32.043
8.3 34.6058 38.0428 33.788 35.4433 31.4792
8.4 34.0212 37.4269 33.1935 34.8694 30.9253
8.5 33.4465 36.821 32.6095 34.3049 30.3812
8.6 32.8815 36.2248 32.0357 33.7495 29.8467
8.7 32.326 35.6384 31.4721 33.2031 29.3215
8.8 31.7799 35.0614 30.9183 32.6656 28.8056
8.9 31.2431 34.4937 30.3743 32.1367 28.2988
9 30.7153 33.9353 29.8399 31.6164 27.8009
9.1 30.1965 33.3859 29.3149 31.1045 27.3117
9.2 29.6864 32.8454 28.7991 30.601 26.8312
9.3 29.1849 32.3136 28.2924 30.1055 26.3591
9.4 28.6919 31.7904 27.7946 29.6181 25.8953
9.5 28.2072 31.2758 27.3055 29.1386 25.4397
9.6 27.7307 30.7694 26.8251 28.6669 24.9921
9.7 27.2622 30.2713 26.3531 28.2027 24.5523
9.8 26.8017 29.7812 25.8894 27.7461 24.1204
9.9 26.349 29.299 25.4339 27.2969 23.696
10 25.9039 28.8247 24.9864 26.855 23.279
10.1 25.4663 28.358 24.5468 26.4202 22.8694
10.2 25.0361 27.8989 24.1149 25.9925 22.4671
10.3 24.6132 27.4472 23.6906 25.5717 22.0718
10.4 24.1974 27.0028 23.2738 25.1577 21.6834
10.5 23.7886 26.5657 22.8643 24.7504 21.3019
10.6 23.3868 26.1356 22.462 24.3496 20.9271
10.7 22.9917 25.7124 22.0668 23.9554 20.5589
10.8 22.6033 25.2961 21.6785 23.5676 20.1972
10.9 22.2215 24.8866 21.2971 23.186 19.8418
11 21.8461 24.4837 20.9224 22.8106 19.4927
11.1 21.4771 24.0873 20.5542 22.4413 19.1497
11.2 21.1143 23.6973 20.1926 22.078 18.8128
11.3 20.7576 23.3137 19.8373 21.7206 18.4818
11.4 20.4069 22.9362 19.4883 21.3689 18.1566
11.5 20.0622 22.5649 19.1454 21.023 17.8371
11.6 19.7233 22.1996 18.8085 20.6826 17.5233
11.7 19.3901 21.8401 18.4776 20.3478 17.215
11.8 19.0626 21.4866 18.1525 20.0183 16.9121
11.9 18.7406 21.1387 17.8331 19.6942 16.6145
12 18.424 20.7965 17.5193 19.3754 16.3222
12.1 18.1128 20.4598 17.2111 19.0617 16.035
12.2 17.8068 20.1285 16.9082 18.7531 15.7529
12.3 17.506 19.8026 16.6107 18.4495 15.4757
12.4 17.2103 19.482 16.3185 18.1508 15.2034
12.5 16.9195 19.1666 16.0314 17.8569 14.9359
12.6 16.6337 18.8563 15.7493 17.5678 14.6731
12.7 16.3527 18.551 15.4722 17.2834 14.4149
12.8 16.0765 18.2507 15.2 17.0036 14.1613
12.9 15.8049 17.9552 14.9325 16.7283 13.9121
13 15.5379 17.6645 14.6698 16.4575 13.6674
13.1 15.2755 17.3785 14.4117 16.191 13.4269
13.2 15.0174 17.0972 14.1581 15.9289 13.1906
13.3 14.7637 16.8204 13.909 15.671 12.9586
13.4 14.5143 16.5481 13.6643 15.4173 12.7306
13.5 14.2691 16.2801 13.4238 15.1677 12.5066
13.6 14.0281 16.0166 13.1877 14.9221 12.2865
13.7 13.7911 15.7573 12.9556 14.6805 12.0703
13.8 13.5582 15.5021 12.7277 14.4428 11.858
13.9 13.3291 15.2512 12.5037 14.209 11.6493
14 13.104 15.0043 12.2837 13.979 11.4444
14.1 12.8826 14.7613 12.0676 13.7527 11.243
14.2 12.665 14.5224 11.8553 13.53 11.0452
14.3 12.451 14.2872 11.6467 13.311 10.8508
14.4 12.2407 14.0559 11.4418 13.0954 10.6599
14.5 12.0339 13.8284 11.2404 12.8834 10.4724
14.6 11.8306 13.6045 11.0427 12.6749 10.2881
14.7 11.6308 13.3842 10.8484 12.4696 10.1071
14.8 11.4343 13.1675 10.6575 12.2678 9.92925
14.9 11.2412 12.9544 10.47 12.0691 9.75455
15 11.0513 12.7446 10.2858 11.8738 9.58292
15.1 10.8646 12.5383 10.1048 11.6815 9.41431
15.2 10.6811 12.3353 9.927 11.4924 9.24866
15.3 10.5006 12.1356 9.75234 11.3063 9.08594
15.4 10.3232 11.9391 9.58075 11.1233 8.92607
15.5 10.1489 11.7458 9.41218 10.9432 8.76902
15.6 9.97742 11.5557 9.24657 10.766 8.61473
15.7 9.80887 11.3686 9.08388 10.5917 8.46316
15.8 9.64317 11.1845 8.92405 10.4202 8.31425
15.9 9.48028 11.0034 8.76703 10.2515 8.16796
16 9.32013 10.8253 8.61278 10.0856 8.02425
